1 -0.000191573 0.000586195 -0.00251817 0.000192077 1 -0.000859475 1.391e-05 -0.00058603 0.000859587 0.999999 -0.00312103
0.999958 -0.00664374 0.00633863 0.850715 0.00669029 0.999951 -0.00735026 -0.0525757 -0.00628949 0.00739236 0.999953 0.430126
0.999856 -0.0118104 0.0121611 1.75354 0.0118368 0.999928 -0.00210377 -0.0556984 -0.0121354 0.00224742 0.999924 0.901854
0.999465 0.030855 0.0108922 2.65159 -0.0304532 0.998912 -0.0353079 -0.106656 -0.0119697 0.0349573 0.999317 1.36964
0.999835 0.00577034 0.0172177 3.5834 -0.00550254 0.999864 -0.0155608 -0.127112 -0.0173052 0.0154635 0.999731 1.85359
0.99984 0.00718615 0.0164002 4.50469 -0.00697248 0.999891 -0.0130487 -0.14467 -0.0164921 0.0129322 0.99978 2.34069
0.999859 0.00243579 0.0165975 5.442 -0.0022433 0.99993 -0.0116066 -0.163131 -0.0166246 0.0115678 0.999795 2.83846
0.999868 -0.00228383 0.0160669 6.35415 0.00243943 0.99995 -0.00967157 -0.181739 -0.016044 0.00970949 0.999824 3.31763
0.999831 -0.00688997 0.0170428 7.2451 0.00694561 0.999971 -0.00320761 -0.193452 -0.0170202 0.00332544 0.99985 3.79137
0.999864 -0.00764039 0.0146011 8.17627 0.00765827 0.99997 -0.00116958 -0.195437 -0.0145917 0.00128124 0.999893 4.28429
0.999797 -0.0110116 0.0168824 9.086 0.0110289 0.999939 -0.000933371 -0.201421 -0.016871 0.00111938 0.999857 4.7663
0.999854 -0.0119737 0.0121738 9.98889 0.011937 0.999924 0.00307674 -0.200691 -0.0122097 -0.00293097 0.999921 5.2392
0.992989 -0.117896 0.00861278 10.491 0.116597 0.988831 0.0928399 -0.150389 -0.019462 -0.0911847 0.995644 5.49459
0.974066 -0.226222 0.00441544 10.5424 0.223035 0.963264 0.149592 -0.115209 -0.0380942 -0.144727 0.988738 5.51906
0.930556 -0.364086 -0.0388084 10.6363 0.362972 0.903352 0.228488 -0.0468021 -0.0481317 -0.226707 0.972773 5.56079
0.90229 -0.427915 -0.0525519 11.0484 0.426768 0.869209 0.249688 0.185671 -0.0611666 -0.247719 0.966899 5.78057
0.827205 -0.553551 -0.0965074 11.1057 0.551352 0.766491 0.329396 0.288395 -0.108366 -0.325688 0.939247 5.80762
0.749548 -0.648719 -0.131688 11.3455 0.645347 0.671864 0.363493 0.567962 -0.147328 -0.35744 0.922243 5.92673
0.696034 -0.697794 -0.169176 11.4725 0.695046 0.595691 0.402571 0.788058 -0.180135 -0.397788 0.89962 5.98725
0.586036 -0.774157 -0.239256 11.5069 0.76897 0.438275 0.465402 0.909148 -0.255434 -0.456723 0.852149 5.99725
0.444062 -0.833298 -0.329278 11.5127 0.841682 0.261948 0.47218 1.04002 -0.307213 -0.486825 0.817693 5.98341
0.428856 -0.85162 -0.301374 11.7755 0.844365 0.259284 0.46885 1.99401 -0.32114 -0.455538 0.830274 6.12565
0.424033 -0.854713 -0.299435 12.0326 0.844118 0.253208 0.4726 3.00847 -0.328118 -0.453156 0.828848 6.24488
0.433503 -0.85267 -0.291596 12.2966 0.841239 0.266894 0.470197 3.99343 -0.323098 -0.449133 0.832999 6.36911
0.590202 -0.781589 -0.201941 12.4122 0.768543 0.467496 0.436794 4.21101 -0.246987 -0.412997 0.876602 6.42763
0.68435 -0.716237 -0.136635 12.5116 0.703181 0.598714 0.383508 4.31032 -0.192877 -0.358533 0.913374 6.47468
0.795014 -0.602229 -0.0726096 12.7495 0.587747 0.735174 0.337746 4.61018 -0.15002 -0.311189 0.938432 6.59461
0.872064 -0.489327 -0.00793945 12.8903 0.475496 0.843352 0.250321 4.65796 -0.115793 -0.222072 0.96813 6.65402
0.928135 -0.372127 0.00930776 13.1804 0.36347 0.911374 0.193098 4.79741 -0.0803399 -0.175838 0.981135 6.81209
0.96626 -0.255238 0.0345821 13.3511 0.249961 0.961619 0.113177 4.79753 -0.0621419 -0.100714 0.992973 6.88987
0.992249 -0.121461 0.0262344 13.8169 0.119661 0.99089 0.0617911 4.8756 -0.0335007 -0.0581729 0.997744 7.14855
0.999105 -0.0128818 0.0402969 13.916 0.0127873 0.999915 0.00260391 4.85698 -0.040327 -0.0020863 0.999184 7.19168
0.994279 0.105122 0.0189127 14.0709 -0.103293 0.99141 -0.0802291 4.79762 -0.0271841 0.0778166 0.996597 7.27302
0.997907 0.0590191 0.0264371 14.9539 -0.0582341 0.997866 -0.0295401 4.69021 -0.0281241 0.0279388 0.999214 7.74401
0.999751 -0.00804163 0.0208155 15.7201 0.00778962 0.999896 0.0121598 4.70647 -0.0209111 -0.0119946 0.999709 8.14178
0.999694 -0.0160188 0.0188385 16.614 0.0158293 0.999823 0.0101675 4.70548 -0.018998 -0.00986617 0.999771 8.60877
0.99962 -0.0219601 0.0166329 17.5165 0.0218134 0.999722 0.00895013 4.71236 -0.0168248 -0.00858391 0.999822 9.07903
0.998657 -0.0472781 0.0211675 18.429 0.0464853 0.998252 0.0365004 4.75235 -0.0228562 -0.0354674 0.999109 9.55136
0.979444 -0.201514 0.00904533 18.7798 0.198209 0.96977 0.142339 4.84372 -0.0374552 -0.137621 0.989777 9.73243
0.95472 -0.297494 -0.00268595 18.8386 0.290917 0.931647 0.21772 4.89114 -0.0622679 -0.208643 0.976008 9.75555
0.90754 -0.418583 -0.0340526 18.8901 0.411724 0.870817 0.268629 4.9479 -0.0827898 -0.257812 0.962642 9.78054
0.847931 -0.525015 -0.073293 18.9368 0.5169 0.788196 0.334008 5.0229 -0.11759 -0.321101 0.939716 9.78232
0.774111 -0.617919 -0.137578 19.0137 0.615313 0.683358 0.392952 5.14979 -0.148798 -0.388842 0.909209 9.81617
0.767414 -0.632455 -0.105243 19.6897 0.624303 0.699727 0.347315 5.83947 -0.14602 -0.332238 0.931824 10.1964
0.783082 -0.615138 -0.0915829 20.0504 0.607015 0.723941 0.327784 6.23305 -0.135332 -0.312274 0.940303 10.391
0.815772 -0.575222 -0.0602872 19.388 0.563739 0.767501 0.305188 5.52954 -0.12928 -0.28295 0.950382 10.0458
0.901904 -0.431667 -0.0152811 19.2381 0.423451 0.876651 0.228415 5.37473 -0.0852029 -0.212479 0.973444 9.95681
0.930545 -0.366165 0.00297515 18.839 0.357811 0.910982 0.205144 5.15036 -0.0778268 -0.189831 0.978727 9.75474
0.969364 -0.24537 0.0112867 18.3734 0.240808 0.958391 0.153289 4.9092 -0.0484295 -0.145875 0.988117 9.52288
0.99586 -0.0892073 0.0174528 18.309 0.0876174 0.993175 0.0769891 4.86105 -0.0242017 -0.0751412 0.996879 9.48893
0.998732 -0.0420862 0.0276369 17.6195 0.0411645 0.998603 0.033115 4.76711 -0.0289919 -0.0319354 0.999069 9.13039
0.997939 -0.0546447 0.033654 16.7063 0.0536704 0.998132 0.0292045 4.7164 -0.0351869 -0.0273381 0.999007 8.65392
0.999062 0.0369275 0.0226064 16.0176 -0.0370172 0.999308 0.00356247 4.67547 -0.0224592 -0.00439596 0.999738 8.3007
0.993141 0.114372 0.0243038 15.7356 -0.113132 0.992449 -0.0474035 4.67735 -0.0295418 0.0443288 0.99858 8.15453
0.969611 0.244528 0.00776688 15.6473 -0.242383 0.964451 -0.105283 4.67767 -0.0332355 0.100201 0.994412 8.09987
0.937903 0.346883 0.00302969 15.4926 -0.342033 0.926177 -0.158777 4.74325 -0.057883 0.147881 0.98731 8.00958
0.891925 0.451561 -0.0237196 15.2668 -0.445853 0.869481 -0.212643 4.80712 -0.0753977 0.200237 0.976842 7.90718
0.779705 0.619799 -0.0889317 15.1428 -0.612088 0.724543 -0.316837 4.85524 -0.131941 0.301474 0.944302 7.82854
0.730704 0.673158 -0.113715 14.9059 -0.664604 0.663313 -0.343973 5.14795 -0.15612 0.326918 0.932068 7.70419
0.588397 0.788162 -0.180524 14.6816 -0.780693 0.495648 -0.380594 5.37603 -0.210493 0.364874 0.906951 7.59577
0.502696 0.833476 -0.229378 14.6284 -0.822355 0.379264 -0.424136 5.43448 -0.266513 0.401842 0.876067 7.55669
0.387914 0.876916 -0.283797 14.5722 -0.862121 0.23631 -0.448224 5.5916 -0.325991 0.41854 0.847676 7.51843
0.340782 0.87545 -0.342718 14.4683 -0.866211 0.150679 -0.476418 5.83055 -0.36544 0.459221 0.809673 7.4712
0.149175 0.887719 -0.435547 14.4246 -0.872945 -0.0886619 -0.479693 5.7175 -0.464449 0.451767 0.761704 7.44846
0.00962578 0.852539 -0.522576 14.3521 -0.845587 -0.272011 -0.459339 5.62203 -0.533751 0.446305 0.718277 7.40905
-0.0881097 0.798677 -0.595274 14.2473 -0.809087 -0.40597 -0.424931 5.48003 -0.581046 0.444188 0.681969 7.36693
-0.185396 0.757623 -0.625809 14.1119 -0.753276 -0.518535 -0.404596 5.24269 -0.631034 0.396396 0.666833 7.30121
-0.333118 0.619344 -0.710947 14.0004 -0.623052 -0.710527 -0.327043 5.17019 -0.707699 0.334013 0.622573 7.22992
-0.360599 0.559022 -0.746634 13.6972 -0.580365 -0.761131 -0.28958 4.9372 -0.730168 0.328898 0.5989 7.08919
-0.320209 0.655311 -0.68413 13.4358 -0.643697 -0.680347 -0.350403 4.62456 -0.695068 0.32817 0.639675 6.96203
-0.262109 0.710592 -0.652961 13.125 -0.698669 -0.606472 -0.379543 4.20599 -0.665702 0.356722 0.655431 6.80865
-0.159488 0.792517 -0.588625 12.9475 -0.766342 -0.475266 -0.432252 3.89082 -0.622321 0.382149 0.683138 6.71663
-0.0326105 0.859342 -0.510361 12.942 -0.841659 -0.299001 -0.449676 3.75261 -0.539024 0.414886 0.733024 6.70217
0.0633153 0.882098 -0.466791 12.6873 -0.871648 -0.178908 -0.456313 2.87558 -0.486026 0.435769 0.757551 6.59965
0.140383 0.893855 -0.425811 12.6176 -0.880326 -0.0841362 -0.466848 2.36029 -0.453121 0.44039 0.775073 6.57208
0.233266 0.900979 -0.365819 12.6567 -0.876777 0.0321828 -0.479818 2.19877 -0.420533 0.432667 0.797465 6.5814
0.213531 0.887792 -0.407712 12.6046 -0.882828 -0.00336264 -0.469684 1.13726 -0.418353 0.460232 0.78305 6.57665
0.297311 0.892213 -0.339944 12.6427 -0.875667 0.112899 -0.469533 0.879076 -0.380544 0.437275 0.814847 6.59643
0.214318 0.878577 -0.426814 12.6335 -0.889461 -0.00502985 -0.456983 -0.0618015 -0.403641 0.477575 0.780382 6.61272
0.219696 0.874262 -0.432897 12.5957 -0.885962 -0.00697055 -0.463705 -1.117 -0.408417 0.485404 0.773032 6.6054
0.224203 0.87662 -0.425759 12.583 -0.88172 -0.00361851 -0.47176 -2.13103 -0.415095 0.48117 0.772122 6.6041
0.222734 0.879074 -0.421449 12.5639 -0.88237 -0.00202442 -0.470552 -3.21749 -0.414503 0.476682 0.775217 6.60577
0.224105 0.879748 -0.41931 12.5496 -0.882474 0.000614257 -0.47036 -4.2442 -0.413541 0.47544 0.776492 6.60888
0.225095 0.878229 -0.421955 12.5255 -0.883225 0.00106391 -0.468948 -5.25431 -0.411395 0.478239 0.775914 6.61043
0.239103 0.879526 -0.411416 12.5261 -0.879187 0.0162591 -0.476199 -6.28667 -0.41214 0.475573 0.777156 6.616
0.239522 0.878406 -0.41356 12.5209 -0.880238 0.0167473 -0.474237 -7.37181 -0.409647 0.477621 0.777218 6.62495
0.238989 0.880357 -0.409702 12.5217 -0.880786 0.0189158 -0.473137 -8.38437 -0.40878 0.473934 0.779927 6.63736
0.21958 0.875081 -0.431298 12.5147 -0.88213 -0.010734 -0.470883 -9.43523 -0.41669 0.483858 0.769578 6.64246
0.226063 0.876507 -0.425006 12.4977 -0.881087 -0.00208284 -0.47295 -10.4878 -0.415429 0.481384 0.771808 6.63851
0.229753 0.876938 -0.422128 12.4858 -0.8796 0.00145921 -0.475711 -11.4908 -0.416553 0.4806 0.771691 6.63546
0.231289 0.875808 -0.423633 12.4699 -0.878343 0.000732166 -0.478031 -12.5051 -0.418353 0.482659 0.769429 6.62954
0.233642 0.874757 -0.424512 12.4523 -0.877203 0.00129883 -0.480118 -13.5479 -0.419435 0.484559 0.767643 6.62433
0.236125 0.874354 -0.423969 12.4387 -0.876296 0.00304547 -0.481763 -14.6308 -0.41994 0.485279 0.766913 6.6186
0.235329 0.875679 -0.42167 12.4308 -0.875615 0.00272933 -0.483002 -15.6873 -0.421804 0.482885 0.7674 6.61656
0.235324 0.876092 -0.420816 12.4189 -0.876122 0.00377556 -0.482075 -16.7581 -0.420753 0.48213 0.768452 6.61399
0.237843 0.875394 -0.420851 12.4092 -0.874348 0.00425659 -0.485281 -17.7777 -0.423021 0.483391 0.766411 6.60586
0.238086 0.87536 -0.420784 12.3961 -0.873272 0.00331167 -0.487222 -18.8557 -0.425101 0.483459 0.765216 6.59665
0.237673 0.876611 -0.418407 12.3896 -0.873547 0.00453142 -0.486719 -19.8978 -0.424767 0.481178 0.766838 6.59299
0.245996 0.876952 -0.412845 12.3927 -0.873159 0.0155782 -0.487186 -20.9555 -0.420807 0.480326 0.769551 6.59924
0.244231 0.880447 -0.406404 12.3995 -0.872782 0.0169345 -0.487816 -22.0016 -0.422614 0.473843 0.772574 6.59829
0.242489 0.88253 -0.402915 12.4071 -0.878447 0.0234756 -0.477263 -23.0149 -0.41174 0.46967 0.780948 6.60843
0.294562 0.881494 -0.369056 12.4249 -0.873572 0.0918078 -0.477958 -23.2137 -0.387435 0.463185 0.797091 6.6205
0.275776 0.88655 -0.371452 12.4901 -0.878609 0.0757558 -0.471495 -24.213 -0.389864 0.456388 0.799823 6.64151
0.249676 0.876604 -0.411373 12.4747 -0.870575 0.0171976 -0.491734 -25.2956 -0.423982 0.480905 0.767444 6.61781
0.247296 0.878847 -0.408011 12.4788 -0.872195 0.018491 -0.488808 -26.3744 -0.422043 0.476746 0.771099 6.61606
0.249559 0.879718 -0.404743 12.4942 -0.8716 0.0219408 -0.489727 -27.4178 -0.421941 0.47499 0.772237 6.61549
0.250502 0.879056 -0.405597 12.5001 -0.870259 0.0209177 -0.492149 -28.4177 -0.424143 0.476259 0.770247 6.61143
0.251206 0.8793 -0.404633 12.5128 -0.869911 0.0217822 -0.492727 -29.4187 -0.424441 0.47577 0.770385 6.60472
0.254475 0.877263 -0.407004 12.5244 -0.868285 0.0219471 -0.495581 -30.4375 -0.425822 0.479508 0.767299 6.59994
0.252396 0.879593 -0.403252 12.5367 -0.869259 0.023037 -0.49382 -31.4876 -0.425071 0.475169 0.770409 6.59454
0.255341 0.878706 -0.403332 12.5524 -0.867344 0.0238502 -0.497138 -32.5489 -0.427218 0.476767 0.76823 6.58696
0.251382 0.878555 -0.406137 12.56 -0.86911 0.0202184 -0.494206 -33.5937 -0.425976 0.477212 0.768644 6.58534
0.250835 0.879338 -0.404779 12.5704 -0.869022 0.0203292 -0.494355 -34.6291 -0.426476 0.475764 0.769264 6.57956
0.252384 0.87896 -0.404638 12.5784 -0.865695 0.0182865 -0.500237 -35.7173 -0.432289 0.476545 0.765527 6.56682
0.252954 0.878219 -0.405889 12.5893 -0.866072 0.018566 -0.499574 -36.7938 -0.431199 0.477898 0.765298 6.55764
0.251407 0.879921 -0.403155 12.5936 -0.866191 0.0186903 -0.499363 -37.8427 -0.431865 0.474753 0.766879 6.54601
0.249326 0.880413 -0.403373 12.6016 -0.869844 0.0205042 -0.492901 -38.8899 -0.425686 0.473764 0.770934 6.53926
0.254021 0.882019 -0.396883 12.6285 -0.87253 0.0319196 -0.487517 -39.9002 -0.417331 0.470132 0.777696 6.54507
0.335797 0.881984 -0.330672 12.7022 -0.861859 0.146052 -0.485662 -40.3707 -0.380051 0.448076 0.80919 6.5719
0.398705 0.868148 -0.295558 12.7728 -0.850607 0.229611 -0.473019 -40.6776 -0.342787 0.439998 0.829999 6.60624
0.567204 0.802542 -0.184949 12.8703 -0.779007 0.449931 -0.436703 -40.7814 -0.267258 0.391776 0.880389 6.64818
0.660422 0.737945 -0.138853 12.953 -0.7219 0.573081 -0.387864 -40.8475 -0.206648 0.356392 0.911198 6.67626
0.725708 0.677697 -0.118637 13.2057 -0.667513 0.651778 -0.360016 -41.2665 -0.166657 0.340459 0.925372 6.8079
0.796369 0.600531 -0.0718252 13.3593 -0.588848 0.742761 -0.31869 -41.409 -0.138034 0.296089 0.945134 6.88699
0.872988 0.486592 -0.0334645 13.502 -0.476641 0.836554 -0.270169 -41.5133 -0.103467 0.251805 0.962231 6.96355
0.931654 0.36334 0.00221518 13.5854 -0.357204 0.917002 -0.177518 -41.5161 -0.0665305 0.164594 0.984115 6.99379
0.907789 0.416506 -0.0494242 14.0827 -0.416111 0.879543 -0.230772 -41.8264 -0.052647 0.230058 0.971752 7.26689
0.812336 0.576419 -0.088602 14.0513 -0.57047 0.753839 -0.326022 -41.8632 -0.121134 0.315385 0.941201 7.24317
0.686911 0.709036 -0.159441 14.011 -0.698661 0.583884 -0.413463 -41.8949 -0.200065 0.395408 0.896452 7.20279
0.564247 0.793758 -0.227098 13.9536 -0.782632 0.426656 -0.453267 -41.9115 -0.262891 0.433489 0.86196 7.18841
0.460255 0.84094 -0.284579 13.9113 -0.826364 0.288646 -0.483534 -41.9199 -0.324481 0.457715 0.827774 7.15854
0.337049 0.877784 -0.340432 13.8829 -0.860134 0.140055 -0.490463 -41.9214 -0.382841 0.458127 0.802217 7.15059
0.161383 0.887251 -0.432135 13.8337 -0.864431 -0.0841759 -0.495655 -41.929 -0.476146 0.453541 0.753383 7.12406
0.0652321 0.858031 -0.509439 13.8 -0.844844 -0.22419 -0.485774 -41.9251 -0.53102 0.462085 0.710278 7.09391
-0.10528 0.798655 -0.592509 13.7427 -0.782665 -0.434109 -0.446077 -41.9035 -0.613475 0.416773 0.670782 7.06763
-0.268622 0.678266 -0.683957 13.6982 -0.666989 -0.643262 -0.375951 -41.865 -0.694959 0.355203 0.625191 7.0406
-0.343178 0.595918 -0.726024 13.6674 -0.586713 -0.739617 -0.329748 -41.8525 -0.733482 0.312806 0.603453 7.03864
-0.423883 0.492523 -0.760095 13.3907 -0.468247 -0.837533 -0.281574 -42.059 -0.775286 0.236557 0.585638 6.8881
-0.481161 0.375951 -0.791925 13.2826 -0.374356 -0.904978 -0.202168 -42.0917 -0.79268 0.199187 0.57618 6.83
-0.494488 0.326163 -0.805667 12.468 -0.331446 -0.927642 -0.172114 -42.4585 -0.803508 0.181927 0.566813 6.41235
-0.526969 0.251893 -0.811698 12.196 -0.246803 -0.959267 -0.137459 -42.5433 -0.81326 0.127893 0.567672 6.27233
-0.544701 0.123748 -0.82945 11.8325 -0.148517 -0.987654 -0.0498188 -42.5967 -0.825375 0.0960514 0.556355 6.07721
-0.553817 0.00634339 -0.832614 11.3297 -0.00654628 -0.999973 -0.00326415 -42.6579 -0.832612 0.00364278 0.553844 5.82033
-0.5489 -0.146878 -0.822883 11.2015 0.135965 -0.987019 0.0854804 -42.605 -0.824756 -0.064963 0.561745 5.74743
-0.560825 -0.04594 -0.826659 10.7941 0.0608981 -0.998044 0.0141497 -42.5694 -0.825692 -0.0424065 0.562526 5.54409
-0.563798 -0.0178336 -0.82572 9.84301 0.0260674 -0.999653 0.00379141 -42.514 -0.825501 -0.0193868 0.564067 5.05985
-0.562826 0.01243 -0.826482 8.87177 0.00195934 -0.999864 -0.0163719 -42.5207 -0.826573 -0.0108339 0.562725 4.55996
-0.562524 0.00707217 -0.82675 7.9782 -0.00266859 -0.999974 -0.00673824 -42.5133 -0.826776 -0.00158417 0.562529 4.10204
-0.564107 0.0101729 -0.825639 7.02478 -0.00596111 -0.999948 -0.00824771 -42.5114 -0.82568 0.000269135 0.564139 3.61445
-0.566826 0.00526854 -0.823821 6.12852 -0.00465244 -0.999984 -0.00319406 -42.5096 -0.823825 0.0020223 0.566841 3.15584
-0.556333 0.0670299 -0.828251 5.2329 -0.0444564 -0.997715 -0.0508833 -42.5371 -0.829769 0.00851305 0.558042 2.69126
-0.55528 0.0581786 -0.829626 4.30322 -0.0425815 -0.998231 -0.0415019 -42.5782 -0.830572 0.0122815 0.556775 2.20699
-0.53691 0.184393 -0.823242 4.06888 -0.146253 -0.98139 -0.124431 -42.6445 -0.830866 0.0535934 0.553886 2.07982
-0.552926 0.137948 -0.821732 3.12809 -0.12745 -0.988597 -0.0802023 -42.7807 -0.823425 0.0603839 0.564203 1.59966
-0.555816 -0.00467806 -0.831292 2.68287 -0.0112862 -0.99985 0.0131728 -42.7706 -0.831229 0.0167038 0.555679 1.3676
-0.544128 -0.00653707 -0.838977 1.77323 -0.0035553 -0.999943 0.0100971 -42.7681 -0.838994 0.00847693 0.544074 0.883233
-0.550437 -0.0169869 -0.834704 0.843679 0.0109367 -0.999854 0.0131357 -42.7269 -0.834805 -0.00189852 0.550542 0.403481
-0.5499 -0.0499447 -0.833736 -0.114421 0.036707 -0.998691 0.0356157 -42.6562 -0.834424 -0.0110189 0.551013 -0.093373
-0.538742 -0.0789257 -0.838766 -1.08068 0.0666122 -0.996476 0.0509806 -42.5713 -0.839833 -0.0284067 0.542101 -0.599556
-0.546296 0.00350986 -0.837585 -1.91079 0.0012365 -0.999987 -0.00499688 -42.5738 -0.837591 -0.00376545 0.546284 -1.03165
-0.542851 -0.108947 -0.832732 -2.73455 0.0942146 -0.993191 0.0685226 -42.5123 -0.834528 -0.0412579 0.549419 -1.46665
-0.548861 0.00787124 -0.835877 -3.35833 0.00933286 -0.999836 -0.0155434 -42.4819 -0.835862 -0.0163323 0.548697 -1.78711
-0.545535 0.0429278 -0.836988 -4.249 -0.0309012 -0.999039 -0.0310982 -42.5004 -0.837518 0.0088988 0.546337 -2.256
-0.548168 0.0629995 -0.833992 -5.16307 -0.0434508 -0.997958 -0.046826 -42.5641 -0.835239 0.0105691 0.549786 -2.74473
-0.555329 0.0954532 -0.826134 -6.12863 -0.0694737 -0.995243 -0.068292 -42.6191 -0.828724 0.0194701 0.559319 -3.25014
-0.547913 0.115702 -0.828495 -7.08271 -0.106644 -0.991969 -0.068004 -42.7277 -0.82971 0.0510934 0.555852 -3.7543
-0.547504 0.132061 -0.826316 -8.02019 -0.117501 -0.989818 -0.0803374 -42.8728 -0.828512 0.0531078 0.557447 -4.25399
-0.545858 0.12767 -0.828094 -8.94638 -0.116361 -0.990297 -0.0759745 -42.985 -0.829758 0.0548869 0.555417 -4.74224
-0.550578 0.0629101 -0.83241 -9.90643 -0.0749487 -0.996854 -0.025765 -43.0641 -0.831412 0.0482023 0.553562 -5.24912
-0.539226 0.0376356 -0.84132 -10.8513 -0.0446661 -0.998873 -0.0160558 -43.0916 -0.840976 0.0289207 0.540299 -5.75925
-0.543879 -0.00273332 -0.839159 -11.7976 -0.0135006 -0.999837 0.0120068 -43.075 -0.839055 0.0178594 0.543753 -6.26365
-0.545549 0.0144003 -0.837955 -12.6939 -0.0238092 -0.999715 -0.00167927 -43.0843 -0.837741 0.0190349 0.545736 -6.73134
-0.537122 0.0171001 -0.843331 -13.6674 -0.0226682 -0.999726 -0.00583381 -43.0994 -0.8432 0.0159834 0.537362 -7.25396
-0.536212 0.0200208 -0.843846 -14.5784 -0.0244502 -0.999668 -0.00818118 -43.1134 -0.843729 0.0162453 0.536524 -7.7516
-0.543006 0.0194436 -0.839504 -15.4784 -0.022474 -0.99971 -0.00861752 -43.1294 -0.839428 0.0141876 0.543285 -8.23145
-0.532406 0.148145 -0.833425 -15.7356 -0.116866 -0.988002 -0.100966 -43.1926 -0.838383 0.0436441 0.543331 -8.37455
-0.529879 0.204952 -0.822936 -16.1367 -0.179867 -0.975443 -0.12712 -43.3014 -0.82878 0.0806604 0.553731 -8.5853
-0.526409 0.177182 -0.831565 -17.0145 -0.161082 -0.981115 -0.107076 -43.4742 -0.834833 0.0775848 0.545008 -9.06638
-0.534757 0.0937681 -0.839787 -17.9604 -0.10765 -0.993286 -0.0423586 -43.598 -0.838121 0.0677512 0.541261 -9.58674
-0.534496 -0.0087846 -0.845125 -18.4518 -0.0209224 -0.999502 0.0236215 -43.6056 -0.844912 0.0303077 0.534046 -9.85785
-0.536557 -0.0200955 -0.843625 -19.2156 0.00373734 -0.999763 0.0214378 -43.5897 -0.843856 0.00834967 0.536505 -10.2671
-0.523013 -0.165587 -0.836085 -19.5457 0.16482 -0.98208 0.0913985 -43.5171 -0.836237 -0.0900008 0.540933 -10.4545
-0.52883 -0.122258 -0.839876 -20.0373 0.145873 -0.987938 0.0519613 -43.4027 -0.836098 -0.0950368 0.540285 -10.7081
-0.527903 -0.125995 -0.839907 -20.9503 0.137603 -0.988557 0.0618073 -43.2312 -0.838083 -0.0829453 0.5392 -11.1949
-0.533268 -0.0726742 -0.842819 -21.858 0.105463 -0.994242 0.0190027 -43.092 -0.839346 -0.0787523 0.537862 -11.6889
-0.537563 -0.0489319 -0.841802 -22.7327 0.0798156 -0.996785 0.00697153 -42.9733 -0.839437 -0.0634413 0.539741 -12.1599
-0.540503 -0.0646526 -0.838854 -23.6498 0.0796885 -0.996495 0.0254563 -42.8626 -0.83756 -0.0530878 0.54376 -12.6519
-0.540706 -0.0834048 -0.837067 -24.5251 0.0844292 -0.995429 0.0446466 -42.7593 -0.836964 -0.0465321 0.545276 -13.1262
-0.512536 -0.238599 -0.82485 -24.7249 0.224445 -0.964448 0.139517 -42.6766 -0.828813 -0.113626 0.547867 -13.2376
-0.521638 -0.2128 -0.826202 -25.628 0.205451 -0.971228 0.120438 -42.4008 -0.82806 -0.106919 0.55035 -13.7161
-0.494157 -0.293206 -0.818437 -25.9791 0.269592 -0.946685 0.176376 -42.2343 -0.826516 -0.133487 0.546857 -13.911
-0.437964 -0.433386 -0.787632 -26.2689 0.414998 -0.874655 0.250509 -42.0664 -0.797474 -0.217151 0.562922 -14.0665
-0.399533 -0.517132 -0.756933 -26.4436 0.504825 -0.813335 0.289202 -41.8623 -0.765196 -0.266573 0.586016 -14.1592
-0.283877 -0.669527 -0.686402 -26.7221 0.648186 -0.661509 0.377174 -41.5336 -0.70659 -0.337845 0.621765 -14.3103
-0.188557 -0.755335 -0.627626 -26.7342 0.735473 -0.53212 0.419438 -41.4313 -0.650789 -0.382514 0.655864 -14.3309
-0.0524646 -0.847291 -0.528532 -26.7518 0.814695 -0.342391 0.468018 -41.2594 -0.577512 -0.406038 0.708247 -14.3301
-0.0144698 -0.857309 -0.514598 -27.0012 0.840189 -0.289447 0.458588 -40.4817 -0.542101 -0.425724 0.72449 -14.4352
0.075136 -0.891186 -0.447372 -27.0033 0.853225 -0.174744 0.491397 -40.2118 -0.516102 -0.418631 0.747253 -14.4502
0.181286 -0.897751 -0.401471 -27.0599 0.871116 -0.0428623 0.489202 -39.6288 -0.45639 -0.438414 0.774275 -14.4633
0.196566 -0.884319 -0.423487 -27.0598 0.883468 -0.027587 0.467678 -39.1695 -0.42526 -0.466067 0.775845 -14.4524
0.145716 -0.880124 -0.451828 -27.1386 0.884896 -0.0882812 0.457347 -38.5815 -0.44241 -0.466463 0.765954 -14.4817
0.192315 -0.893139 -0.406592 -27.1248 0.882016 -0.0243121 0.470592 -37.5491 -0.43019 -0.449123 0.783087 -14.4651
0.218216 -0.891538 -0.396916 -27.096 0.879285 0.00317261 0.476285 -36.545 -0.423367 -0.452935 0.784608 -14.4411
0.234329 -0.893301 -0.383541 -27.0739 0.876803 0.0237991 0.480261 -35.4763 -0.41989 -0.448829 0.788825 -14.4204
0.255363 -0.889465 -0.379001 -27.0313 0.875645 0.046566 0.480706 -34.4447 -0.409923 -0.454625 0.790746 -14.3852
0.205992 -0.889818 -0.407174 -27.0523 0.882249 -0.0111266 0.470651 -33.3589 -0.423324 -0.45618 0.782749 -14.3772
0.219103 -0.88428 -0.412362 -27.0546 0.87684 -0.00691846 0.480732 -32.2768 -0.427955 -0.466906 0.773856 -14.3725
0.217006 -0.885118 -0.411673 -27.0584 0.87679 -0.00865681 0.480796 -31.2713 -0.429125 -0.465286 0.774184 -14.3674
0.215131 -0.882376 -0.418486 -27.0636 0.879987 -0.010672 0.474877 -30.2661 -0.423486 -0.470423 0.774184 -14.3543
0.212582 -0.885231 -0.413733 -27.0666 0.878047 -0.0127365 0.478405 -29.1792 -0.428769 -0.464977 0.774567 -14.3465
0.211455 -0.886277 -0.412068 -27.0691 0.877177 -0.0138736 0.479967 -28.1644 -0.4311 -0.462948 0.774488 -14.3418
0.205853 -0.888137 -0.410898 -27.0753 0.881083 -0.0144955 0.472739 -27.1018 -0.425813 -0.459351 0.779538 -14.3251
0.212106 -0.885412 -0.41359 -27.078 0.877575 -0.0136339 0.479245 -26.0902 -0.429968 -0.464607 0.774124 -14.3194
0.247401 -0.889898 -0.383242 -27.0235 0.873023 0.0331732 0.48655 -24.9906 -0.420266 -0.454952 0.785108 -14.2964
0.242636 -0.889644 -0.38686 -26.983 0.873368 0.0267181 0.486328 -23.9172 -0.422323 -0.455871 0.78347 -14.2707
0.238787 -0.89139 -0.385235 -26.9443 0.876034 0.0265751 0.481516 -22.8835 -0.41898 -0.452458 0.787234 -14.2469
0.236812 -0.89194 -0.385179 -26.9122 0.877587 0.0262794 0.478696 -21.8403 -0.416846 -0.45139 0.788978 -14.2185
0.236763 -0.890806 -0.387825 -26.8849 0.877047 0.024222 0.479793 -20.8031 -0.418008 -0.453738 0.787014 -14.1967
0.240088 -0.886439 -0.395707 -26.8639 0.879783 0.0264045 0.474643 -19.7929 -0.410293 -0.462092 0.786213 -14.1764
0.246666 -0.885751 -0.393194 -26.8281 0.873719 0.027735 0.48564 -18.78 -0.419251 -0.463332 0.780738 -14.1567
0.248013 -0.885729 -0.392396 -26.7762 0.873144 0.0289138 0.486604 -17.6608 -0.419654 -0.463302 0.78054 -14.1344
0.219467 -0.878276 -0.424812 -26.7797 0.871787 -0.018929 0.489519 -16.5767 -0.437974 -0.477779 0.761516 -14.1404
0.249597 -0.8876 -0.387127 -26.7286 0.871467 0.0315925 0.489436 -15.556 -0.422193 -0.45953 0.781399 -14.1128
0.249787 -0.887008 -0.388359 -26.6897 0.871743 0.0314092 0.488955 -14.4597 -0.421509 -0.460684 0.781089 -14.0936
0.248256 -0.886931 -0.389515 -26.6526 0.87213 0.0296327 0.488375 -13.3909 -0.421613 -0.46095 0.780876 -14.0751
0.228056 -0.881088 -0.414335 -26.6436 0.872186 -0.00427529 0.489156 -12.3542 -0.432761 -0.472933 0.767498 -14.072
0.229374 -0.881293 -0.413172 -26.6363 0.868648 -0.00616922 0.495391 -11.3304 -0.439134 -0.472531 0.764118 -14.075
0.224468 -0.883836 -0.410424 -26.624 0.870757 -0.00716401 0.491661 -10.2161 -0.437488 -0.467741 0.767999 -14.0764
0.223032 -0.881935 -0.415269 -26.6165 0.874252 -0.00747387 0.485415 -9.17857 -0.431208 -0.471312 0.769366 -14.0787
0.221901 -0.880706 -0.41847 -26.608 0.872975 -0.0117428 0.487624 -8.10002 -0.434368 -0.473518 0.766228 -14.0761
0.220609 -0.881925 -0.41658 -26.6015 0.871703 -0.0133319 0.489853 -7.00914 -0.437568 -0.4712 0.765836 -14.0786
0.223786 -0.883783 -0.41091 -26.5923 0.875822 -0.00262448 0.482626 -5.94904 -0.427615 -0.467889 0.77345 -14.0748
0.228606 -0.884372 -0.406971 -26.5766 0.867635 -0.00451364 0.49718 -4.87778 -0.441529 -0.466761 0.766281 -14.083
0.313426 -0.883837 -0.347269 -26.5181 0.865619 0.115544 0.487189 -3.87665 -0.390471 -0.453301 0.801281 -14.0611
0.40848 -0.870025 -0.276045 -26.427 0.839537 0.239426 0.487702 -3.66049 -0.358221 -0.430967 0.828218 -14.0266
0.39711 -0.868985 -0.295243 -26.2164 0.846313 0.222274 0.484096 -2.68889 -0.355048 -0.442107 0.823701 -13.9189
0.393172 -0.869447 -0.29913 -25.9994 0.846819 0.215665 0.486196 -1.67663 -0.358209 -0.444467 0.821057 -13.8184
0.502978 -0.833757 -0.227731 -25.8414 0.809474 0.362078 0.462224 -1.17595 -0.302927 -0.416831 0.857022 -13.7405
0.597283 -0.77763 -0.196329 -25.6379 0.764779 0.478478 0.431477 -0.805489 -0.24159 -0.407862 0.880502 -13.6348
0.728333 -0.676019 -0.111932 -25.5017 0.662198 0.652416 0.368575 -0.683505 -0.176138 -0.342566 0.922835 -13.5734
0.795787 -0.601776 -0.067732 -25.3661 0.590275 0.745829 0.30873 -0.606317 -0.13527 -0.285664 0.948735 -13.5016
0.864321 -0.502174 -0.0277606 -24.9569 0.491714 0.832142 0.256433 -0.256897 -0.105673 -0.235291 0.966163 -13.2813
0.920014 -0.391873 0.00300164 -24.7844 0.384511 0.904155 0.186157 -0.223759 -0.0756637 -0.170113 0.982516 -13.2034
0.959739 -0.280673 0.011132 -24.366 0.277717 0.954085 0.112227 -0.0920423 -0.0421198 -0.104617 0.99362 -12.9726
0.986215 -0.162279 0.0323394 -23.818 0.161287 0.986413 0.0312544 -0.0148371 -0.036972 -0.0256077 0.998988 -12.6771
0.99819 -0.0594415 0.00912308 -23.5368 0.0594998 0.998209 -0.00626012 -0.046347 -0.00873463 0.00679161 0.999939 -12.5188
0.998559 0.0513249 0.0156488 -23.02 -0.0504015 0.997236 -0.0545829 -0.0778893 -0.0184071 0.0537155 0.998387 -12.2364
0.999574 -0.0231758 0.0177119 -22.3205 0.0229028 0.999618 0.0154645 -0.0955272 -0.0180636 -0.0150523 0.999724 -11.8577
0.998008 -0.0627789 0.00623035 -21.8276 0.0625449 0.997513 0.0325032 -0.0373207 -0.00825537 -0.0320488 0.999452 -11.5915
0.999759 0.0185898 0.0117 -21.0018 -0.0180965 0.998998 -0.040944 -0.0663061 -0.0124494 0.0407224 0.999093 -11.1483
0.999673 0.0159521 0.0199832 -20.0245 -0.0152865 0.999337 -0.0330293 -0.0940124 -0.0204968 0.032713 0.999255 -10.63
0.999775 0.0141114 0.0158399 -19.071 -0.0136731 0.99953 -0.0274442 -0.13175 -0.0162197 0.0272214 0.999498 -10.116
0.999587 -0.0208217 0.0198264 -18.173 0.0206078 0.999728 0.0109331 -0.151622 -0.0200486 -0.01052 0.999744 -9.63409
0.99964 -0.0216245 0.0158933 -17.2907 0.0214691 0.999721 0.00988262 -0.148791 -0.0161025 -0.00953785 0.999825 -9.15687
0.999676 -0.0215575 0.0135631 -16.3792 0.0214108 0.999712 0.0108697 -0.148964 -0.0137935 -0.0105758 0.999849 -8.66825
0.999749 0.0170451 0.0145505 -15.4895 -0.0166527 0.999505 -0.0266734 -0.180751 -0.0149979 0.0264244 0.999538 -8.19034
0.99869 -0.0479462 0.0178541 -14.5819 0.0472243 0.998128 0.0388709 -0.134885 -0.0196844 -0.0379768 0.999085 -7.71101
0.999427 -0.0297928 0.0160785 -13.6159 0.0294292 0.999316 0.0223954 -0.114514 -0.0167348 -0.0219094 0.99962 -7.1957
0.999134 -0.0377947 0.0173802 -12.686 0.0374185 0.999069 0.0214792 -0.08423 -0.0181758 -0.0208103 0.999618 -6.70392
0.999474 -0.0226428 0.023226 -11.967 0.0223846 0.999685 0.0113167 -0.106578 -0.0234749 -0.0107909 0.999666 -6.32994
0.999799 0.00886942 0.0179766 -11.1574 -0.00851403 0.999769 -0.019751 -0.0893822 -0.0181476 0.019594 0.999643 -5.89884
0.999741 -0.011977 0.0193318 -10.2486 0.0116856 0.999817 0.0151151 -0.102659 -0.0195093 -0.0148853 0.999699 -5.41808
0.998966 -0.0376287 0.025534 -9.28114 0.0368783 0.998892 0.0292517 -0.0631357 -0.0266064 -0.0282798 0.999246 -4.90959
0.998559 -0.0502663 0.0188124 -8.35415 0.0493892 0.997788 0.0444995 0.00265188 -0.0210076 -0.0435062 0.998832 -4.42222
0.99973 0.00443675 0.0227904 -7.45593 -0.00443051 0.99999 -0.000324515 -0.0144244 -0.0227916 0.000223454 0.99974 -3.95174
0.997537 0.0680024 0.0172156 -6.5067 -0.0670251 0.99639 -0.0520991 -0.064816 -0.0206963 0.0508169 0.998494 -3.45142
0.997981 0.0588668 0.0238635 -5.61779 -0.0578833 0.997522 -0.0400008 -0.149031 -0.0261591 0.0385388 0.998915 -2.98199
0.998303 0.0555083 0.0176333 -4.70473 -0.0550475 0.998155 -0.0256205 -0.228303 -0.0190229 0.0246064 0.999516 -2.49873
0.998704 0.0487841 0.0145068 -3.81228 -0.0484578 0.998582 -0.0220488 -0.283829 -0.0155619 0.0213172 0.999652 -2.02165
0.999803 0.00320354 0.0195651 -2.88496 -0.0035829 0.999806 0.0193856 -0.295212 -0.0194992 -0.0194519 0.999621 -1.53304
0.99972 -0.0117128 0.0205521 -1.93927 0.0112414 0.999674 0.0229048 -0.314365 -0.0208137 -0.0226673 0.999526 -1.04541
0.999883 -0.00743365 0.0133434 -1.01864 0.00718909 0.999807 0.0182835 -0.307849 -0.0134767 -0.0181854 0.999744 -0.557495
0.998966 0.0393588 0.0227374 -0.084723 -0.0387079 0.998847 -0.0283896 -0.38782 -0.0238286 0.0274801 0.999338 -0.0703591
0.999187 0.0336961 0.0221318 0.818071 -0.0331628 0.999161 -0.024036 -0.449485 -0.0229232 0.0232825 0.999466 0.405652
0.999598 -0.0192669 0.0207914 1.72056 0.0189767 0.999721 0.0140651 -0.420933 -0.0210566 -0.0136649 0.999685 0.87839
0.99951 -0.0245439 0.0194461 2.65859 0.0244312 0.999683 0.00601202 -0.386695 -0.0195875 -0.00553398 0.999793 1.36736
0.99938 -0.0300194 0.018388 3.56877 0.0298886 0.999526 0.00734461 -0.368751 -0.0185997 -0.00679046 0.999804 1.84384
0.999455 -0.0279974 0.0175015 4.48289 0.0279288 0.999601 0.00415229 -0.263717 -0.0176108 -0.00366123 0.999838 2.32793
0.9993 -0.032418 0.0186643 5.40668 0.0321931 0.999407 0.0122225 -0.268771 -0.0190494 -0.011613 0.999751 2.81447
0.999053 -0.039968 0.0171804 6.36113 0.0396865 0.999077 0.0164263 -0.252641 -0.0178211 -0.0157289 0.999717 3.31504
0.998826 -0.0448034 0.0184073 7.30789 0.0443476 0.998717 0.0244653 -0.223178 -0.0194798 -0.0236203 0.999531 3.81193
0.998973 -0.0424891 0.0157526 8.21131 0.0420807 0.998791 0.0254059 -0.18363 -0.016813 -0.0247169 0.999553 4.28921
0.998641 -0.0497013 0.0157122 9.10633 0.0492889 0.998456 0.0256289 -0.135129 -0.0169617 -0.0248196 0.999548 4.75854
0.998314 -0.0565268 0.0131754 10.0099 0.05618 0.998099 0.0253505 -0.0644813 -0.0145834 -0.0245675 0.999592 5.23212
0.998296 -0.0551652 0.0190452 10.8684 0.0546825 0.998191 0.024998 0.281803 -0.0203897 -0.023914 0.999506 5.67791
0.997239 0.069711 0.0255935 11.5678 -0.0678907 0.995496 -0.066177 0.226032 -0.0300915 0.0642567 0.99748 6.04076
0.974915 0.222243 0.012206 11.7299 -0.216711 0.960298 -0.175681 0.13822 -0.0507652 0.168628 0.984372 6.10626
0.942712 0.332051 -0.0321994 11.8396 -0.331079 0.919336 -0.212623 0.0520593 -0.0409995 0.211103 0.976604 6.17783
0.90391 0.42553 -0.0432632 12.1006 -0.422648 0.873067 -0.243151 -0.118523 -0.0656964 0.238072 0.969023 6.32924
0.859041 0.506337 -0.0753085 12.2746 -0.502689 0.806604 -0.310956 -0.308163 -0.0967043 0.304981 0.947436 6.4078
0.788837 0.605802 -0.103633 12.3048 -0.598025 0.717672 -0.356809 -0.394095 -0.141782 0.34344 0.928411 6.40712
0.714019 0.6815 -0.16042 12.3131 -0.677396 0.614548 -0.404309 -0.480066 -0.17695 0.397352 0.900444 6.41638
0.604821 0.757314 -0.246307 12.3244 -0.765903 0.468446 -0.440399 -0.61227 -0.218138 0.45501 0.863355 6.4272
0.523218 0.808492 -0.269412 12.5792 -0.815472 0.383184 -0.433792 -1.18182 -0.247483 0.446666 0.859792 6.58793
0.469895 0.829505 -0.30186 12.6088 -0.835837 0.308148 -0.454336 -1.40372 -0.283857 0.465796 0.838128 6.6024
0.541501 0.805948 -0.239214 12.7443 -0.806233 0.417196 -0.419448 -1.64768 -0.238254 0.419994 0.875694 6.68727
0.635746 0.754058 -0.164993 12.9128 -0.74583 0.544999 -0.383032 -1.97216 -0.198907 0.366568 0.908881 6.76895
0.556415 0.791211 -0.253746 13.094 -0.79853 0.424777 -0.426513 -2.46358 -0.229677 0.439942 0.868159 6.87934
0.495327 0.820214 -0.286182 13.1702 -0.825154 0.341229 -0.450204 -2.76685 -0.271609 0.459143 0.845823 6.91845
0.387764 0.858812 -0.334786 13.2182 -0.859965 0.206318 -0.466791 -3.06237 -0.331813 0.468908 0.818551 6.9418
0.327903 0.866464 -0.376457 13.2495 -0.872113 0.12444 -0.473216 -3.4616 -0.363178 0.483482 0.796459 6.96206
0.376232 0.862014 -0.339678 13.2912 -0.867943 0.199611 -0.454786 -3.55823 -0.324229 0.465927 0.823279 7.01439
