1 -0.000191573 0.000586195 -0.00251817 0.000192077 1 -0.000859475 1.391e-05 -0.00058603 0.000859587 0.999999 -0.00312103
0.999958 -0.00664374 0.00633863 0.850715 0.00669029 0.999951 -0.00735026 -0.0525757 -0.00628949 0.00739236 0.999953 0.430126
0.999856 -0.0118113 0.0121614 1.75426 0.0118378 0.999928 -0.00210434 -0.0557235 -0.0121356 0.002248 0.999924 0.902255
0.999465 0.0308529 0.010893 2.653 -0.030451 0.998912 -0.0353094 -0.10669 -0.0119705 0.0349588 0.999317 1.37043
0.999835 0.00576796 0.0172186 3.58552 -0.00550009 0.999864 -0.015564 -0.12706 -0.017306 0.0154668 0.999731 1.85472
0.99984 0.00718536 0.0164008 4.50755 -0.00697158 0.99989 -0.0130547 -0.144446 -0.0164928 0.0129383 0.99978 2.34218
0.999859 0.00243622 0.0165978 5.44553 -0.00224358 0.99993 -0.0116155 -0.16283 -0.0166249 0.0115766 0.999795 2.8403
0.999868 -0.00227901 0.0160667 6.35833 0.00243482 0.99995 -0.00968534 -0.181136 -0.0160438 0.00972318 0.999824 3.31979
0.999831 -0.00687977 0.0170426 7.24993 0.00693573 0.999971 -0.00322687 -0.192582 -0.0170199 0.00334453 0.99985 3.79388
0.999864 -0.00761875 0.0146005 8.18158 0.00763704 0.99997 -0.00119753 -0.194067 -0.0145909 0.00130887 0.999893 4.28705
0.999797 -0.0109745 0.0168817 9.09179 0.0109925 0.999939 -0.000972334 -0.199566 -0.01687 0.00115771 0.999857 4.76933
0.999855 -0.0119147 0.0121733 9.99511 0.0118787 0.999925 0.00302352 -0.198232 -0.0122084 -0.00287847 0.999921 5.24247
0.992998 -0.117812 0.00861956 10.4975 0.116514 0.988847 0.092771 -0.147366 -0.019453 -0.0911171 0.99565 5.49805
0.97409 -0.226117 0.00443109 10.5493 0.222933 0.963301 0.149508 -0.111554 -0.0380749 -0.144647 0.988751 5.52273
0.930605 -0.363965 -0.0387787 10.6436 0.362851 0.903424 0.228396 -0.0425693 -0.0480944 -0.226617 0.972796 5.56466
0.902359 -0.427773 -0.0525124 11.056 0.426629 0.869308 0.249584 0.190534 -0.0611158 -0.247618 0.966928 5.78466
0.82731 -0.553405 -0.0964456 11.1137 0.551209 0.76664 0.329289 0.293956 -0.108291 -0.325586 0.939291 5.81192
0.749689 -0.648571 -0.13161 11.3539 0.645205 0.67206 0.363382 0.574171 -0.14723 -0.357339 0.922297 5.93127
0.696206 -0.697646 -0.169077 11.4812 0.694904 0.59593 0.402462 0.79494 -0.180018 -0.397689 0.899687 5.99202
0.586248 -0.774035 -0.239128 11.516 0.768856 0.438574 0.465311 0.91673 -0.255292 -0.456642 0.852235 6.00224
0.444319 -0.833218 -0.329134 11.5221 0.841609 0.2623 0.472116 1.04831 -0.307043 -0.486772 0.817788 5.98862
0.429135 -0.851534 -0.301218 11.7856 0.844292 0.259666 0.468769 2.0029 -0.320957 -0.455481 0.830375 6.13125
0.424334 -0.854623 -0.299266 12.0434 0.844042 0.253619 0.472514 3.01796 -0.327923 -0.453097 0.828957 6.25091
0.433824 -0.852569 -0.291415 12.308 0.841152 0.267329 0.470104 4.00351 -0.322892 -0.449066 0.833115 6.37556
0.590513 -0.7814 -0.201761 12.424 0.768368 0.46792 0.436649 4.22174 -0.246789 -0.412874 0.876716 6.43434
0.684652 -0.71598 -0.136467 12.5238 0.702939 0.59912 0.383318 4.32171 -0.192688 -0.358368 0.913479 6.48161
0.795281 -0.601895 -0.0724521 12.7621 0.587427 0.735537 0.337511 4.62214 -0.149855 -0.310977 0.938529 6.60182
0.872293 -0.488922 -0.00781427 12.9033 0.47511 0.843655 0.250035 4.67055 -0.115655 -0.221816 0.968205 6.66144
0.92832 -0.371663 0.0094117 13.1939 0.363022 0.911619 0.192784 4.81053 -0.0802307 -0.175549 0.981196 6.81975
0.966394 -0.25472 0.0346496 13.3649 0.249461 0.961789 0.11283 4.81125 -0.0620658 -0.100395 0.99301 6.89773
0.992317 -0.120896 0.0262774 13.831 0.119106 0.990979 0.061429 4.88969 -0.0334669 -0.0578273 0.997765 7.15663
0.999112 -0.0122779 0.0403073 13.9304 0.0121986 0.999923 0.0022144 4.87171 -0.0403314 -0.00172074 0.999185 7.19995
0.994213 0.105756 0.0188715 14.0856 -0.103917 0.991313 -0.0806236 4.81293 -0.027234 0.078196 0.996566 7.28147
0.997867 0.0596969 0.0264285 14.9689 -0.0589002 0.997814 -0.0299633 4.70549 -0.0281594 0.0283428 0.999202 7.7526
0.999756 -0.00731676 0.0208374 15.7355 0.0070737 0.999906 0.0117146 4.72178 -0.0209211 -0.0115644 0.999714 8.15057
0.999706 -0.0152415 0.0188613 16.6297 0.0150606 0.99984 0.00969477 4.72065 -0.019006 -0.00940786 0.999775 8.61775
0.999638 -0.0211239 0.0166574 17.5325 0.0209854 0.999744 0.00844686 4.72732 -0.0168315 -0.00809425 0.999826 9.08819
0.998699 -0.0463785 0.0212198 18.4453 0.0455966 0.998313 0.0359577 4.76703 -0.0228516 -0.0349434 0.999128 9.56072
0.979635 -0.200576 0.00920492 18.7966 0.19728 0.970041 0.141777 4.85869 -0.0373662 -0.137073 0.989856 9.74204
0.95502 -0.296533 -0.00243639 18.8558 0.289964 0.932079 0.217141 4.90675 -0.0621186 -0.208081 0.976137 9.76538
0.907992 -0.417627 -0.0337299 18.9076 0.410774 0.871441 0.268059 4.96416 -0.082555 -0.25725 0.962812 9.7906
0.848534 -0.5241 -0.0728734 18.9548 0.515983 0.789026 0.333467 5.03982 -0.117271 -0.320559 0.939941 9.79262
0.77487 -0.617083 -0.137061 19.0322 0.614457 0.684397 0.392484 5.1673 -0.148391 -0.388342 0.909489 9.82675
0.768227 -0.631548 -0.104755 19.7094 0.623403 0.700802 0.346764 5.85658 -0.145586 -0.331698 0.932084 10.2076
0.783917 -0.614147 -0.0910937 20.0709 0.606036 0.725034 0.32718 6.25025 -0.13489 -0.311688 0.940561 10.4027
0.816586 -0.574118 -0.0598052 19.4078 0.562658 0.768567 0.304502 5.54865 -0.128856 -0.282302 0.950632 10.0572
0.902544 -0.430341 -0.0148915 19.2581 0.422149 0.877487 0.22761 5.39483 -0.0848829 -0.211715 0.973638 9.96829
0.931109 -0.364725 0.00334571 18.8589 0.3564 0.91173 0.204273 5.17195 -0.0775537 -0.189008 0.978908 9.76625
0.969758 -0.243792 0.0115874 18.3933 0.239249 0.95893 0.152361 4.93245 -0.048256 -0.144982 0.988257 9.53439
0.996008 -0.0875048 0.017635 18.3291 0.0859297 0.993398 0.0760089 4.88514 -0.0241697 -0.0741901 0.996951 9.5006
0.998802 -0.040313 0.0277478 17.6397 0.0394179 0.998708 0.0320822 4.79344 -0.0290053 -0.03095 0.9991 9.1422
0.998033 -0.052819 0.0337614 16.7268 0.0518793 0.998257 0.0281311 4.74553 -0.0351884 -0.0263242 0.999034 8.66593
0.99899 0.0388047 0.0226688 16.0383 -0.0388708 0.999241 0.00248167 4.70694 -0.0225553 -0.00336031 0.99974 8.31291
0.992919 0.116285 0.0242697 15.7566 -0.115012 0.992179 -0.048512 4.71021 -0.0297211 0.0453772 0.998528 8.16696
0.96913 0.246434 0.00761792 15.6687 -0.244258 0.963858 -0.10638 4.71146 -0.0335582 0.101235 0.994296 8.11251
0.937209 0.348758 0.00276938 15.5144 -0.343858 0.925311 -0.15988 4.77816 -0.0583219 0.148888 0.987133 8.02249
0.891012 0.453339 -0.0240966 15.289 -0.447581 0.868336 -0.213691 4.84258 -0.0759503 0.201186 0.976604 7.9203
0.778426 0.621318 -0.0895339 15.1654 -0.613552 0.722911 -0.317732 4.89174 -0.132688 0.302265 0.943944 7.84192
0.729271 0.674596 -0.11439 14.9295 -0.665981 0.661486 -0.344826 5.18654 -0.156951 0.327653 0.931671 7.7182
0.586683 0.789264 -0.181292 14.706 -0.781719 0.493494 -0.381285 5.41598 -0.211468 0.365413 0.906507 7.61027
0.500859 0.83434 -0.230256 14.6532 -0.82314 0.376931 -0.424693 5.47525 -0.267547 0.402244 0.875567 7.57144
0.385954 0.877473 -0.284745 14.5977 -0.862587 0.233823 -0.448631 5.63324 -0.327082 0.418769 0.847142 7.53357
0.33878 0.875823 -0.343746 14.4946 -0.866528 0.148108 -0.476649 5.87317 -0.366548 0.459345 0.809101 7.48682
0.147122 0.887544 -0.436602 14.4509 -0.872698 -0.0912893 -0.47965 5.76095 -0.465568 0.451588 0.761127 7.46414
0.00760183 0.85193 -0.5236 14.3785 -0.84492 -0.274586 -0.459035 5.66638 -0.534839 0.44589 0.717725 7.4248
-0.0900788 0.797741 -0.596234 14.2737 -0.808116 -0.40845 -0.424402 5.52538 -0.582094 0.443597 0.68146 7.38269
-0.187261 0.756398 -0.626734 14.138 -0.751991 -0.520886 -0.403965 5.28914 -0.632015 0.395651 0.666346 7.31687
-0.334695 0.617629 -0.711698 14.0266 -0.621287 -0.712487 -0.326137 5.2177 -0.708507 0.333012 0.622191 7.24568
-0.362092 0.55716 -0.747303 13.7231 -0.578479 -0.762959 -0.288541 4.98634 -0.730925 0.327821 0.598566 7.10485
-0.321877 0.653628 -0.684957 13.4613 -0.641938 -0.682438 -0.349564 4.67521 -0.695925 0.327183 0.639249 6.97747
-0.263959 0.709062 -0.653878 13.1497 -0.697058 -0.608796 -0.378784 4.25931 -0.66666 0.355808 0.654955 6.82379
-0.161503 0.791325 -0.589679 12.9717 -0.765055 -0.477835 -0.4317 3.94444 -0.623384 0.381416 0.682579 6.73148
-0.034838 0.858596 -0.511468 12.9662 -0.840805 -0.301819 -0.449391 3.80696 -0.540216 0.414388 0.732426 6.71701
0.0609872 0.88166 -0.467927 12.7095 -0.871111 -0.18185 -0.456175 2.93143 -0.487284 0.435437 0.756934 6.61345
0.137976 0.893664 -0.426998 12.6387 -0.880032 -0.0871879 -0.466842 2.41815 -0.454429 0.440185 0.774424 6.58537
0.230873 0.901098 -0.367043 12.6777 -0.87678 0.0291218 -0.480009 2.25612 -0.421846 0.432637 0.796788 6.59462
0.211091 0.887818 -0.408926 12.623 -0.88278 -0.00646908 -0.469742 1.19546 -0.419691 0.46015 0.782382 6.58849
0.294862 0.892557 -0.341172 12.6607 -0.875906 0.109773 -0.469828 0.937842 -0.381897 0.437369 0.814164 6.60807
0.211795 0.878599 -0.428027 12.6493 -0.889435 -0.00822367 -0.456987 -0.00233552 -0.405028 0.47749 0.779715 6.62313
0.217144 0.874279 -0.434148 12.6088 -0.885943 -0.010213 -0.463682 -1.05661 -0.409821 0.485316 0.772344 6.6144
0.221623 0.876646 -0.427054 12.5936 -0.881701 -0.00691367 -0.471758 -2.06969 -0.416517 0.481086 0.771408 6.61173
0.220109 0.879104 -0.422763 12.5716 -0.882347 -0.00537636 -0.470569 -3.15519 -0.415952 0.4766 0.774491 6.61189
0.221402 0.879788 -0.420658 12.5545 -0.882455 -0.0028355 -0.470388 -4.17969 -0.415034 0.475357 0.775746 6.61349
0.222373 0.878269 -0.423313 12.5279 -0.883211 -0.00241252 -0.46897 -5.18992 -0.412903 0.478161 0.77516 6.61355
0.236343 0.879613 -0.412824 12.5256 -0.879214 0.0127164 -0.476258 -6.22121 -0.413673 0.475521 0.776373 6.61749
0.236705 0.878495 -0.41499 12.5173 -0.88027 0.0131345 -0.474291 -7.30527 -0.411212 0.477571 0.776422 6.62468
0.236114 0.880454 -0.411158 12.5152 -0.880818 0.0152302 -0.47321 -8.31678 -0.410378 0.473887 0.779116 6.63543
0.216642 0.875082 -0.432779 12.5052 -0.882084 -0.0144965 -0.470868 -9.36655 -0.418322 0.483757 0.768756 6.63876
0.223067 0.876537 -0.426526 12.485 -0.881064 -0.00592486 -0.47296 -10.418 -0.417094 0.481299 0.770963 6.63299
0.226699 0.87698 -0.423691 12.47 -0.879587 -0.00246502 -0.475731 -11.4199 -0.418251 0.480521 0.770821 6.62819
0.228173 0.875847 -0.42524 12.4509 -0.878332 -0.00327719 -0.478041 -12.433 -0.420084 0.482578 0.768536 6.62045
0.230427 0.874802 -0.426175 12.4295 -0.877199 -0.00283927 -0.480118 -13.4728 -0.421218 0.484473 0.766721 6.6131
0.232842 0.874405 -0.425677 12.4123 -0.876301 -0.00118442 -0.481763 -14.5546 -0.42176 0.485195 0.765966 6.60532
0.231979 0.875728 -0.423422 12.4003 -0.875613 -0.00159128 -0.48301 -15.6108 -0.42366 0.482802 0.76643 6.60109
0.231902 0.876144 -0.422603 12.3844 -0.876123 -0.000635179 -0.482087 -16.6811 -0.422646 0.482049 0.767463 6.59625
0.234358 0.875449 -0.422689 12.3707 -0.874355 -0.000243746 -0.485288 -17.7004 -0.424947 0.483311 0.765395 6.58592
0.234537 0.875411 -0.422668 12.3533 -0.873276 -0.00127768 -0.487224 -18.778 -0.427061 0.483379 0.764175 6.57434
0.234056 0.876665 -0.420328 12.3426 -0.873551 -0.000146359 -0.486733 -19.8197 -0.426764 0.481101 0.765777 6.56835
0.242313 0.877052 -0.414807 12.3413 -0.873207 0.0108129 -0.487229 -20.8772 -0.42284 0.480274 0.768468 6.57218
0.240482 0.880552 -0.408406 12.3437 -0.87282 0.0120821 -0.487893 -21.9229 -0.424681 0.473795 0.771469 6.56881
0.23865 0.882664 -0.404908 12.3469 -0.878504 0.018537 -0.477374 -22.936 -0.413855 0.469639 0.779848 6.57655
0.290716 0.881923 -0.371075 12.3647 -0.873915 0.0868464 -0.478258 -23.1365 -0.38956 0.463325 0.795973 6.58851
0.271841 0.886914 -0.373478 12.4255 -0.878869 0.0707028 -0.471795 -24.1358 -0.392036 0.456492 0.798701 6.6071
0.245708 0.87671 -0.413529 12.4053 -0.870638 0.0120438 -0.491777 -25.2179 -0.426166 0.480868 0.766257 6.58074
0.243256 0.878959 -0.410192 12.4045 -0.872253 0.0132522 -0.488875 -26.2965 -0.424266 0.476713 0.769899 6.57628
0.245456 0.879847 -0.406965 12.415 -0.87167 0.0166175 -0.489811 -27.3396 -0.424196 0.474967 0.771015 6.57305
0.246342 0.879182 -0.407867 12.4163 -0.87033 0.01551 -0.492225 -28.3391 -0.426429 0.476234 0.768999 6.5664
0.246982 0.87943 -0.406942 12.4241 -0.869986 0.0162907 -0.492808 -29.3399 -0.42676 0.475749 0.769115 6.55707
0.250195 0.877396 -0.409365 12.4308 -0.868373 0.0163721 -0.495641 -30.3584 -0.428171 0.479488 0.766003 6.54958
0.248048 0.879731 -0.405641 12.438 -0.869341 0.0173793 -0.493907 -31.4082 -0.427455 0.475153 0.769098 6.54133
0.25094 0.87885 -0.405774 12.4483 -0.867436 0.0181101 -0.497218 -32.4692 -0.429631 0.476755 0.766891 6.53084
0.246909 0.878681 -0.408601 12.4506 -0.869188 0.0143959 -0.494273 -33.5138 -0.428426 0.477191 0.767293 6.52632
0.246299 0.879465 -0.40728 12.4557 -0.869098 0.0144253 -0.49443 -34.5488 -0.428959 0.475744 0.767894 6.51762
0.247804 0.879077 -0.407205 12.458 -0.865764 0.0123014 -0.500302 -35.6367 -0.434795 0.47652 0.764121 6.50177
0.24831 0.878339 -0.408489 12.4632 -0.866148 0.0125004 -0.499631 -36.7129 -0.433739 0.477876 0.763875 6.48948
0.246702 0.880041 -0.40579 12.4619 -0.866258 0.0125447 -0.499439 -37.7615 -0.434436 0.474732 0.765438 6.47477
0.244541 0.880544 -0.406008 12.4642 -0.869919 0.0142794 -0.492988 -38.8084 -0.4283 0.473749 0.769494 6.46492
0.24916 0.882214 -0.399523 12.4856 -0.872658 0.0256176 -0.487659 -39.8185 -0.419985 0.470152 0.776254 6.46768
0.330936 0.882819 -0.333335 12.5566 -0.862562 0.139736 -0.486272 -40.2891 -0.382711 0.448447 0.80773 6.49306
0.393849 0.869465 -0.298183 12.6254 -0.851791 0.223319 -0.473899 -40.5963 -0.345449 0.440634 0.828557 6.52645
0.562702 0.805139 -0.187398 12.7223 -0.781413 0.444085 -0.438386 -40.7003 -0.269741 0.393116 0.879033 6.56803
0.656199 0.741288 -0.141049 12.8046 -0.725071 0.567648 -0.389934 -40.7668 -0.208987 0.358144 0.909976 6.59588
0.721755 0.681544 -0.120697 13.0548 -0.671236 0.646683 -0.362275 -41.1873 -0.168853 0.34249 0.924224 6.72615
0.792838 0.604964 -0.073665 13.2075 -0.593133 0.738206 -0.321318 -41.3307 -0.140006 0.298446 0.944102 6.80475
0.870091 0.491644 -0.0350351 13.3495 -0.481555 0.832774 -0.273116 -41.4357 -0.1051 0.254507 0.961343 6.88093
0.929452 0.36894 0.00119028 13.4329 -0.362661 0.914216 -0.180791 -41.4388 -0.0677891 0.167605 0.983521 6.91114
0.905198 0.421945 -0.0507919 13.9282 -0.421532 0.876177 -0.233721 -41.7528 -0.0541146 0.232974 0.970976 7.18314
0.808747 0.581139 -0.090584 13.8966 -0.575123 0.749146 -0.328654 -41.789 -0.123133 0.317895 0.940096 7.15928
0.682467 0.712738 -0.162002 13.856 -0.702301 0.578028 -0.41552 -41.8199 -0.202515 0.397353 0.895041 7.11878
0.559213 0.796496 -0.229946 13.7985 -0.78531 0.420062 -0.454792 -41.8358 -0.265649 0.434905 0.8604 7.10432
0.454879 0.842816 -0.287657 13.7561 -0.828182 0.281591 -0.484583 -41.8435 -0.327412 0.458659 0.826095 7.0744
0.331392 0.878706 -0.343591 13.7277 -0.860959 0.132682 -0.491066 -41.8445 -0.385914 0.458553 0.800499 7.06643
0.155634 0.886699 -0.435366 13.6783 -0.863768 -0.0916706 -0.495481 -41.8513 -0.479253 0.453169 0.751635 7.03986
0.05955 0.856535 -0.512641 13.6447 -0.843334 -0.231598 -0.484924 -41.8468 -0.534081 0.461205 0.708553 7.0097
-0.110603 0.795721 -0.595478 13.5875 -0.779685 -0.441023 -0.44451 -41.8244 -0.616326 0.415122 0.669191 6.98348
-0.273238 0.673846 -0.686493 13.5415 -0.662542 -0.649224 -0.373559 -41.7834 -0.697409 0.35276 0.623844 6.95576
-0.347259 0.59081 -0.728255 13.5124 -0.581586 -0.744879 -0.326975 -41.7722 -0.735642 0.309998 0.602272 6.95463
-0.427178 0.486677 -0.762013 13.2343 -0.46235 -0.841836 -0.278468 -41.9759 -0.777014 0.233361 0.584629 6.80333
-0.483826 0.369571 -0.793303 13.1259 -0.367934 -0.908358 -0.198772 -42.0073 -0.794064 0.195712 0.575465 6.74509
-0.496872 0.31956 -0.806845 12.3087 -0.324828 -0.930633 -0.168552 -42.3664 -0.804739 0.178337 0.566207 6.32608
-0.528766 0.245 -0.812639 12.036 -0.239855 -0.961541 -0.133823 -42.4485 -0.814172 0.124154 0.567194 6.18573
-0.5458 0.116587 -0.829765 11.6721 -0.141334 -0.988894 -0.0459793 -42.4982 -0.82591 0.0921787 0.556216 5.99041
-0.553887 -0.000971699 -0.832591 11.1689 0.000789866 -0.999999 0.000641613 -42.5544 -0.832592 -0.000302254 0.553887 5.73332
-0.547917 -0.15416 -0.822205 11.041 0.143291 -0.985642 0.0893147 -42.4999 -0.824169 -0.068878 0.56214 5.6606
-0.560391 -0.0533677 -0.826507 10.6337 0.0683809 -0.997496 0.0180447 -42.4602 -0.8254 -0.0464053 0.562637 5.45742
-0.56362 -0.0253701 -0.825644 9.68128 0.0336651 -0.999403 0.00772801 -42.3935 -0.825348 -0.0234398 0.564138 4.97262
-0.562828 0.00487424 -0.826559 8.71174 0.00957604 -0.999877 -0.0124169 -42.3926 -0.826518 -0.0149038 0.562713 4.47358
-0.562561 -0.000535639 -0.826756 7.8182 0.0049982 -0.999984 -0.00275313 -42.3762 -0.826741 -0.00568109 0.562554 4.01573
-0.564168 0.00251645 -0.825656 6.86475 0.00176182 -0.999989 -0.00425164 -42.3647 -0.825658 -0.0038533 0.564158 3.5282
-0.566876 -0.0024339 -0.8238 5.96846 0.00312939 -0.999995 0.000801055 -42.3539 -0.823797 -0.00212389 0.56688 3.06963
-0.556691 0.0593003 -0.8286 5.07259 -0.0366866 -0.998231 -0.0467925 -42.3723 -0.829909 0.00434952 0.557882 2.60498
-0.555625 0.0504053 -0.829904 4.14256 -0.0347768 -0.998696 -0.0373739 -42.4039 -0.830705 0.0080955 0.556654 2.12058
-0.538068 0.17671 -0.82417 3.90766 -0.138548 -0.98302 -0.120316 -42.4675 -0.831437 0.0494488 0.553414 1.99313
-0.55394 0.130174 -0.822317 2.96576 -0.119616 -0.989897 -0.0761253 -42.594 -0.823919 0.0561934 0.563914 1.51244
-0.555916 -0.0125728 -0.831144 2.52059 -0.00336616 -0.999843 0.0173763 -42.5791 -0.831232 0.0124575 0.555786 1.28043
-0.544167 -0.014465 -0.838852 1.61093 0.00433672 -0.999886 0.0144286 -42.567 -0.838966 0.0042137 0.544168 0.796112
-0.55036 -0.0249434 -0.834555 0.681674 0.0188891 -0.99967 0.0174217 -42.5161 -0.834714 -0.00617584 0.550649 0.316578
-0.549615 -0.0579174 -0.833408 -0.275895 0.0446784 -0.998204 0.0399054 -42.4353 -0.834222 -0.0153027 0.551216 -0.17993
-0.538217 -0.0869036 -0.838314 -1.2415 0.0745393 -0.99568 0.055361 -42.3402 -0.839503 -0.032691 0.54237 -0.685705
-0.546294 -0.00451871 -0.837581 -2.07167 0.0092374 -0.999957 -0.000630172 -42.3339 -0.837543 -0.00808134 0.546312 -1.11777
-0.5421 -0.116937 -0.832138 -2.89497 0.102188 -0.992094 0.0728437 -42.2636 -0.834077 -0.0455462 0.549764 -1.55248
-0.548792 -0.000190973 -0.835959 -3.51854 0.0173803 -0.999786 -0.0111815 -42.2265 -0.835778 -0.0206656 0.548679 -1.87279
-0.545791 0.0348582 -0.837196 -4.40939 -0.0228586 -0.999382 -0.026709 -42.2354 -0.83761 0.00455954 0.54625 -2.34172
-0.548525 0.0549276 -0.834328 -5.32401 -0.035386 -0.998471 -0.0424695 -42.2894 -0.835385 0.00622791 0.54963 -2.8307
-0.555896 0.0873949 -0.826645 -6.29004 -0.0613709 -0.996059 -0.0640356 -42.334 -0.828983 0.0151348 0.559069 -3.3363
-0.548782 0.107666 -0.829004 -7.24503 -0.0985907 -0.993086 -0.063711 -42.4323 -0.830132 0.0467687 0.555602 -3.84089
-0.54846 0.124041 -0.826925 -8.18372 -0.109455 -0.991077 -0.0760676 -42.5674 -0.828982 0.0487908 0.557143 -4.34117
-0.546804 0.119647 -0.828668 -9.11084 -0.108325 -0.991528 -0.0716824 -42.6697 -0.830223 0.0505691 0.555132 -4.82988
-0.551188 0.054841 -0.832577 -10.0716 -0.0668732 -0.997531 -0.0214345 -42.7384 -0.831697 0.0438626 0.553495 -5.33706
-0.539591 0.029558 -0.841409 -11.0167 -0.0366497 -0.999261 -0.0116 -42.7558 -0.841129 0.0245782 0.540275 -5.84727
-0.543991 -0.0108071 -0.839021 -11.9629 -0.00546692 -0.99985 0.0164232 -42.729 -0.839073 0.0135209 0.54385 -6.35157
-0.545744 0.00634042 -0.837928 -12.8592 -0.0157806 -0.999872 0.00271213 -42.7287 -0.837804 0.0147032 0.545774 -6.81926
-0.537307 0.0090564 -0.843338 -13.833 -0.0147003 -0.999891 -0.00137171 -42.7333 -0.843259 0.0116603 0.537382 -7.34191
-0.536411 0.0119968 -0.843872 -14.7441 -0.0165064 -0.999857 -0.00372192 -42.7376 -0.843795 0.0119328 0.536532 -7.83958
-0.543188 0.0114391 -0.839533 -15.6443 -0.0145145 -0.999886 -0.00423292 -42.7438 -0.839486 0.00988613 0.543291 -8.31952
-0.533341 0.140255 -0.834192 -15.9019 -0.109016 -0.989331 -0.0966399 -42.8042 -0.838846 0.0393985 0.542941 -8.46284
-0.531312 0.197186 -0.823909 -16.304 -0.1721 -0.977379 -0.122934 -42.9085 -0.829512 0.0764779 0.553228 -8.67406
-0.527688 0.169398 -0.832376 -17.1831 -0.153344 -0.982811 -0.1028 -43.072 -0.835483 0.0733942 0.544593 -9.15585
-0.535608 0.08592 -0.840084 -18.1301 -0.0998635 -0.994274 -0.0380204 -43.1858 -0.838541 0.0635297 0.541122 -9.67671
-0.534662 -0.0166478 -0.844902 -18.6216 -0.0131445 -0.999521 0.0280123 -43.188 -0.844964 0.026083 0.534187 -9.94784
-0.536529 -0.0279267 -0.84342 -19.3853 0.0114921 -0.999601 0.0257876 -43.1641 -0.843804 0.00414313 0.536636 -10.3571
-0.521729 -0.173243 -0.835336 -19.7149 0.172396 -0.980373 0.0956488 -43.0878 -0.835511 -0.0941057 0.541355 -10.5441
-0.527698 -0.129925 -0.839437 -20.2056 0.153459 -0.986554 0.0562255 -42.9682 -0.835455 -0.099149 0.540541 -10.7972
-0.526841 -0.133628 -0.839394 -21.1173 0.145151 -0.987202 0.0660543 -42.7872 -0.837478 -0.0870391 0.539495 -11.2833
-0.532458 -0.0803123 -0.842638 -22.0241 0.113019 -0.993321 0.0232576 -42.6385 -0.838877 -0.0828507 0.537979 -11.7767
-0.536954 -0.056543 -0.841715 -22.8978 0.0873604 -0.996114 0.0111852 -42.511 -0.839076 -0.0675266 0.539807 -12.2472
-0.539898 -0.0722134 -0.838627 -23.8141 0.0872007 -0.995751 0.0296043 -42.391 -0.837201 -0.0571456 0.543901 -12.7387
-0.54007 -0.0909067 -0.836696 -24.6886 0.0918904 -0.994575 0.0487468 -42.2788 -0.836589 -0.0505577 0.545493 -13.2126
-0.510857 -0.245815 -0.823772 -24.8878 0.231607 -0.96217 0.143484 -42.1938 -0.827879 -0.117491 0.548463 -13.3236
-0.520111 -0.220015 -0.825274 -25.7889 0.212627 -0.969185 0.124378 -41.909 -0.827209 -0.110785 0.550865 -13.801
-0.492169 -0.300185 -0.817104 -26.1388 0.276504 -0.943959 0.180241 -41.7388 -0.825418 -0.137223 0.54759 -13.9952
-0.434927 -0.439783 -0.785767 -26.4274 0.421327 -0.870597 0.254055 -41.5679 -0.795815 -0.220569 0.563939 -14.1501
-0.395867 -0.523033 -0.754802 -26.6006 0.510698 -0.808509 0.292406 -41.3618 -0.763202 -0.269722 0.587174 -14.242
-0.279208 -0.674285 -0.683654 -26.8768 0.652947 -0.655352 0.379703 -41.0302 -0.704062 -0.340374 0.623251 -14.3918
-0.183301 -0.759129 -0.624599 -26.8882 0.739297 -0.525229 0.421395 -40.9275 -0.647951 -0.384522 0.657497 -14.412
-0.0466903 -0.849706 -0.525186 -26.9046 0.817241 -0.33482 0.469055 -40.7551 -0.574401 -0.407303 0.710047 -14.4107
-0.00856267 -0.859333 -0.511345 -27.1486 0.842313 -0.281793 0.459458 -39.975 -0.538921 -0.426779 0.72624 -14.5127
0.0810847 -0.892391 -0.443918 -27.1488 0.854609 -0.166945 0.491704 -39.7047 -0.512903 -0.419246 0.749109 -14.5268
0.187309 -0.898033 -0.398061 -27.2014 0.871531 -0.0350123 0.489089 -39.121 -0.453155 -0.438533 0.776105 -14.5377
0.202625 -0.884495 -0.420253 -27.1982 0.883659 -0.0197919 0.467712 -38.6614 -0.422006 -0.46613 0.777582 -14.5251
0.151736 -0.880712 -0.44869 -27.273 0.885494 -0.0805756 0.45761 -38.0725 -0.439176 -0.466748 0.767639 -14.5522
0.198265 -0.893289 -0.403392 -27.2522 0.882251 -0.0166467 0.470485 -37.0399 -0.426995 -0.449174 0.784805 -14.5319
0.2241 -0.891503 -0.393703 -27.2167 0.87932 0.0107801 0.476109 -36.0356 -0.420208 -0.452887 0.786332 -14.5044
0.240146 -0.893129 -0.38033 -27.1874 0.876718 0.0313382 0.479982 -34.967 -0.416767 -0.448708 0.790548 -14.4797
0.261128 -0.889144 -0.375812 -27.1381 0.875387 0.0540411 0.480393 -33.9353 -0.406829 -0.454425 0.792457 -14.441
0.211752 -0.889878 -0.404078 -27.1518 0.882364 -0.00370573 0.470552 -32.8494 -0.420232 -0.456184 0.784412 -14.4291
0.224783 -0.884312 -0.409225 -27.1472 0.876885 0.000446272 0.480699 -31.7668 -0.424906 -0.466896 0.775541 -14.4207
0.222637 -0.885161 -0.408562 -27.1444 0.876853 -0.00135476 0.480757 -30.7612 -0.426101 -0.465283 0.775854 -14.4121
0.220737 -0.882432 -0.415438 -27.1432 0.880043 -0.00342898 0.474882 -29.7557 -0.420476 -0.470427 0.775821 -14.3955
0.218131 -0.885299 -0.410687 -27.1394 0.878136 -0.00555242 0.478379 -28.6685 -0.425789 -0.464988 0.776202 -14.3841
0.216953 -0.886352 -0.409038 -27.1355 0.877281 -0.00674781 0.47993 -27.6534 -0.428147 -0.462963 0.776116 -14.3759
0.211332 -0.888215 -0.407938 -27.1351 0.881204 -0.0074275 0.472679 -26.5906 -0.42287 -0.459368 0.781129 -14.3556
0.217519 -0.885484 -0.410613 -27.1315 0.87767 -0.00662216 0.479219 -25.5786 -0.42706 -0.464622 0.775723 -14.3465
0.252742 -0.889683 -0.380245 -27.0703 0.872869 0.0401234 0.486301 -24.4792 -0.417397 -0.454813 0.786718 -14.3199
0.247936 -0.88947 -0.383888 -27.0232 0.873252 0.0336146 0.486109 -23.4059 -0.419475 -0.455755 0.785066 -14.2907
0.244061 -0.891218 -0.382316 -26.9783 0.875932 0.0334165 0.481276 -22.3722 -0.416146 -0.452343 0.788802 -14.2636
0.242055 -0.891771 -0.382301 -26.94 0.877491 0.0330668 0.478452 -21.3289 -0.414029 -0.451277 0.790525 -14.2318
0.241961 -0.890651 -0.384962 -26.9065 0.876956 0.030957 0.479573 -20.2917 -0.415215 -0.453633 0.788552 -14.2068
0.245261 -0.886272 -0.392897 -26.8795 0.879648 0.0330876 0.474473 -19.2814 -0.407512 -0.461981 0.787723 -14.1833
0.251764 -0.885578 -0.390342 -26.8378 0.873575 0.0343661 0.485474 -18.2685 -0.41651 -0.463218 0.782271 -14.1603
0.253068 -0.88555 -0.389561 -26.7794 0.872996 0.0354936 0.486435 -17.1494 -0.416936 -0.463186 0.782064 -14.1345
0.224476 -0.878374 -0.421982 -26.7767 0.871861 -0.0123968 0.489596 -16.0649 -0.43528 -0.477812 0.763038 -14.1373
0.254565 -0.887409 -0.38432 -26.7198 0.87132 0.038071 0.489236 -15.0444 -0.419521 -0.459408 0.782909 -14.1065
0.254719 -0.88682 -0.385576 -26.6747 0.871595 0.0378389 0.488764 -13.948 -0.418856 -0.460564 0.782586 -14.0839
0.253153 -0.886754 -0.386756 -26.6316 0.871992 0.0360145 0.488193 -12.8792 -0.418978 -0.460836 0.78236 -14.0622
0.232921 -0.881102 -0.411592 -26.6168 0.872195 0.00206652 0.489153 -11.8421 -0.430143 -0.472922 0.768974 -14.056
0.234233 -0.881314 -0.410391 -26.6042 0.868665 0.000184357 0.495401 -10.8148 -0.436528 -0.472531 0.765609 -14.0564
0.229253 -0.883865 -0.407707 -26.5854 0.870801 -0.000915315 0.491635 -9.70348 -0.434912 -0.46774 0.769461 -14.054
0.227801 -0.881966 -0.412605 -26.5723 0.874285 -0.00127024 0.485412 -8.66568 -0.428641 -0.471312 0.7708 -14.0533
0.226629 -0.88076 -0.415814 -26.5579 0.873023 -0.00558379 0.487647 -7.5869 -0.431822 -0.47353 0.767658 -14.0475
0.225296 -0.881988 -0.413931 -26.5456 0.871767 -0.00721692 0.489867 -6.49576 -0.435044 -0.471217 0.767262 -14.0469
0.228462 -0.883788 -0.408319 -26.5307 0.875841 0.00344754 0.482587 -5.43542 -0.425097 -0.467875 0.774845 -14.0401
0.233204 -0.884388 -0.404319 -26.5093 0.867668 0.00151531 0.497141 -4.36393 -0.439053 -0.46675 0.767709 -14.0452
0.31798 -0.883221 -0.344687 -26.4455 0.86506 0.121488 0.486736 -3.36288 -0.38802 -0.452948 0.80267 -14.0205
0.412861 -0.868766 -0.27348 -26.3533 0.838395 0.245186 0.486804 -3.1472 -0.355865 -0.430266 0.829597 -13.9854
0.401495 -0.867826 -0.292712 -26.1377 0.845229 0.228021 0.483316 -2.17671 -0.35269 -0.441458 0.825061 -13.875
0.39753 -0.86833 -0.296603 -25.9155 0.845771 0.221384 0.485449 -1.16556 -0.355866 -0.443839 0.822415 -13.7718
0.507116 -0.831898 -0.225342 -25.755 0.807719 0.367497 0.461017 -0.665614 -0.300707 -0.415802 0.858303 -13.6925
0.601166 -0.775191 -0.194111 -25.5497 0.762387 0.48355 0.430053 -0.296181 -0.239511 -0.406521 0.881689 -13.5858
0.731671 -0.672716 -0.110044 -25.4129 0.658981 0.65676 0.366619 -0.174749 -0.174358 -0.340762 0.92384 -13.5241
0.798743 -0.598025 -0.0661556 -25.2769 0.58663 0.749618 0.306495 -0.0981326 -0.1337 -0.283619 0.949571 -13.4521
0.866765 -0.498014 -0.0264534 -24.866 0.48767 0.835272 0.253965 0.24894 -0.104382 -0.233029 0.966852 -13.2309
0.921911 -0.387381 0.00395372 -24.6934 0.380136 0.906544 0.183508 0.281317 -0.0746716 -0.167675 0.98301 -13.1529
0.961098 -0.275959 0.0117155 -24.2744 0.273084 0.955735 0.109525 0.410648 -0.0414212 -0.102064 0.993915 -12.9219
0.986994 -0.157432 0.0325236 -23.726 0.156537 0.987262 0.0284498 0.484671 -0.0365882 -0.0229886 0.999066 -12.6263
0.998469 -0.0545618 0.00912505 -23.4451 0.0546433 0.998466 -0.00893857 0.451673 -0.00862335 0.00942351 0.999918 -12.4681
0.998302 0.0561758 0.0154175 -22.9284 -0.0552085 0.996831 -0.0572751 0.417174 -0.0185861 0.0563267 0.998239 -12.1858
0.999673 -0.018337 0.0178225 -22.2291 0.0181108 0.999754 0.0127698 0.395454 -0.0180522 -0.0124429 0.99976 -11.8072
0.998298 -0.057971 0.00642436 -21.7359 0.0577547 0.997884 0.0298756 0.450892 -0.00814269 -0.0294537 0.999533 -11.541
0.99966 0.0233887 0.0115421 -20.9104 -0.022865 0.998788 -0.0435861 0.417087 -0.0125475 0.0433074 0.998983 -11.0979
0.999588 0.0207373 0.0198651 -19.9332 -0.020019 0.999162 -0.0357035 0.383659 -0.0205889 0.0352911 0.999165 -10.5797
0.999698 0.0188854 0.0157503 -18.9799 -0.0184052 0.999378 -0.0300927 0.340343 -0.0163088 0.0297938 0.999423 -10.0659
0.999673 -0.0160572 0.0199212 -18.0821 0.0158951 0.999839 0.00826936 0.315255 -0.0200508 -0.00795 0.999767 -9.58414
0.99973 -0.0168665 0.0159843 -17.1998 0.0167524 0.999833 0.0072409 0.312967 -0.0161038 -0.00697117 0.999846 -9.10699
0.999766 -0.0168032 0.0136599 -16.2883 0.0166916 0.999827 0.00824091 0.307515 -0.013796 -0.00801097 0.999873 -8.61846
0.999658 0.0217987 0.0144699 -15.3989 -0.0213677 0.999342 -0.0293052 0.270584 -0.0150992 0.028986 0.999466 -8.14072
0.998903 -0.0431994 0.0180862 -14.4911 0.0425235 0.998439 0.0362224 0.311217 -0.0196228 -0.0354135 0.99918 -7.66136
0.999555 -0.0250349 0.0162334 -13.525 0.0247127 0.999499 0.0197514 0.325983 -0.0167198 -0.0193414 0.999673 -7.14609
0.999301 -0.0330299 0.0175317 -12.595 0.0326992 0.999288 0.0188246 0.350888 -0.018141 -0.0182381 0.999669 -6.65432
0.999568 -0.0178587 0.0233295 -11.8761 0.0176617 0.999807 0.00862588 0.324578 -0.0234791 -0.00821012 0.999691 -6.28049
0.999746 0.0136619 0.0179326 -11.0665 -0.0132585 0.999661 -0.0224207 0.336989 -0.0182328 0.0221772 0.999588 -5.84942
0.999785 -0.0071643 0.0194555 -10.1578 0.00692329 0.999899 0.012427 0.31853 -0.0195426 -0.0122897 0.999733 -5.36879
0.999134 -0.032707 0.0257211 -9.19005 0.0320252 0.999136 0.0264842 0.35387 -0.0265651 -0.0256376 0.999318 -4.8604
0.998786 -0.0454236 0.0190805 -8.26293 0.0445954 0.998131 0.0417931 0.412734 -0.0209432 -0.0408914 0.998944 -4.37286
0.999696 0.00931702 0.0228414 -7.36485 -0.00924936 0.999953 -0.00306592 0.390374 -0.0228689 0.00285372 0.999734 -3.90254
0.997195 0.0728949 0.0170129 -6.41593 -0.0718654 0.995906 -0.0548246 0.334343 -0.0209397 0.0534482 0.998351 -3.40246
0.997681 0.0637955 0.0237192 -5.52755 -0.0627421 0.997113 -0.0427775 0.244829 -0.0263797 0.0411901 0.998803 -2.93339
0.998025 0.0603079 0.017578 -4.61516 -0.0597962 0.997809 -0.0283117 0.158454 -0.0192469 0.0272047 0.999445 -2.45037
0.998457 0.0536203 0.0144685 -3.72315 -0.053252 0.998274 -0.0247443 0.0976994 -0.0157703 0.0239356 0.999589 -1.97362
0.999773 0.00797369 0.019735 -2.7961 -0.00830363 0.999826 0.0166933 0.0800397 -0.0195985 -0.0168534 0.999666 -1.48515
0.999761 -0.00690459 0.0207399 -1.85065 0.00648592 0.999775 0.0201866 0.0554147 -0.0208746 -0.0200472 0.999581 -0.997771
0.999905 -0.00258257 0.0135101 -0.930155 0.00237203 0.999876 0.0155767 0.0565274 -0.0135487 -0.0155432 0.999787 -0.510024
0.998751 0.0445383 0.0226443 0.00325264 -0.0438197 0.998549 -0.0312971 -0.027889 -0.0240054 0.0302658 0.999254 -0.0234409
0.999005 0.038751 0.0220794 0.905071 -0.0381531 0.99891 -0.0268863 -0.0956611 -0.0230972 0.0260172 0.999395 0.452044
0.999683 -0.01398 0.0209192 1.80692 0.0137497 0.999844 0.0111102 -0.0723842 -0.0210712 -0.010819 0.999719 0.924259
0.999625 -0.019199 0.0195307 2.74438 0.0191433 0.999812 0.00303417 -0.0441838 -0.0195853 -0.00265915 0.999805 1.41283
0.999526 -0.0246151 0.0184796 3.65389 0.0245389 0.999689 0.00434135 -0.0322298 -0.0185807 -0.00388582 0.99982 1.8889
0.999584 -0.0228328 0.0176002 4.5678 0.0228141 0.999739 0.00126133 0.0671758 -0.0176244 -0.000859268 0.999844 2.37288
0.999462 -0.0268874 0.0187832 5.49079 0.0267192 0.999601 0.00915248 0.0553047 -0.0190218 -0.00864568 0.999782 2.85888
0.999248 -0.0346842 0.0173447 6.4447 0.0344526 0.999315 0.0134749 0.0659275 -0.0178002 -0.0128672 0.999759 3.35908
0.99906 -0.0391476 0.0185965 7.39092 0.038749 0.999021 0.0213313 0.0872677 -0.0194134 -0.0205906 0.999599 3.85564
0.999184 -0.0370868 0.0159676 8.29412 0.0367247 0.999074 0.0224013 0.122021 -0.0167836 -0.0217966 0.999622 4.33265
0.998908 -0.0439233 0.0159103 9.18878 0.043561 0.998799 0.0224474 0.161773 -0.0168771 -0.0217298 0.999621 4.80178
0.998631 -0.0505778 0.0133646 10.0922 0.0502749 0.998491 0.0221062 0.224402 -0.0144625 -0.021404 0.999666 5.27526
0.9986 -0.0492737 0.0192408 10.9524 0.0488533 0.998569 0.0217394 0.564952 -0.0202844 -0.020769 0.999579 5.7218
0.996816 0.0756338 0.0252473 11.651 -0.0737249 0.994855 -0.0694895 0.503597 -0.0303731 0.0674068 0.997263 6.0842
0.973595 0.228009 0.0111977 11.8122 -0.222394 0.958404 -0.178895 0.414224 -0.0515216 0.171681 0.983804 6.1492
0.940689 0.337618 -0.033441 11.9211 -0.336645 0.916625 -0.215568 0.326797 -0.0421269 0.21404 0.975916 6.22027
0.901311 0.430861 -0.0447029 12.1807 -0.427941 0.869677 -0.246025 0.15377 -0.0671255 0.240875 0.968232 6.3709
0.855928 0.511302 -0.0771788 12.3532 -0.507645 0.802473 -0.313582 -0.0375632 -0.0984011 0.307583 0.94642 6.44862
0.785108 0.610255 -0.105804 12.3826 -0.602435 0.712767 -0.359214 -0.124058 -0.143799 0.345762 0.927238 6.44744
0.709765 0.685343 -0.162906 12.39 -0.681254 0.608957 -0.406281 -0.21049 -0.179239 0.399345 0.899109 6.45621
0.599978 0.760266 -0.249041 12.4001 -0.768964 0.462147 -0.441718 -0.343177 -0.22073 0.456525 0.861895 6.46637
0.517924 0.810966 -0.272192 12.6508 -0.817992 0.376418 -0.43497 -0.916848 -0.250288 0.447933 0.858319 6.62496
0.464538 0.831473 -0.304724 12.6788 -0.837857 0.301269 -0.455229 -1.13786 -0.286707 0.466786 0.836606 6.63847
0.536299 0.808628 -0.241874 12.8124 -0.808882 0.410577 -0.420875 -1.38356 -0.241023 0.421362 0.874278 6.72227
0.630902 0.75758 -0.167435 12.9785 -0.749242 0.538856 -0.385059 -1.70998 -0.20149 0.368384 0.907576 6.80259
0.551099 0.794021 -0.256554 13.1556 -0.8014 0.417981 -0.427844 -2.20534 -0.232482 0.441387 0.866677 6.91098
0.489911 0.822443 -0.289094 13.2299 -0.827435 0.334272 -0.451235 -2.5079 -0.274479 0.460271 0.844282 6.94889
0.38198 0.860184 -0.337897 13.2751 -0.861375 0.198902 -0.467409 -2.80619 -0.33485 0.469597 0.816918 6.97086
0.32201 0.86729 -0.379628 13.3033 -0.873017 0.116888 -0.473475 -3.20622 -0.366266 0.483885 0.794798 6.98947
0.37034 0.863353 -0.34274 13.344 -0.869318 0.192116 -0.455387 -3.30403 -0.327314 0.466598 0.821676 7.04133
