1780040681.9002202
1780040687.3002744
1780040688.700434
1780040690.1001337
1780040691.4001982
1780040692.6004629
1780040694.0999863
1780040695.4003379
1780040696.7001736
1780040698.0000312
1780040699.4999661
1780040701.0000453
1780040702.000375
1780040702.1002049
1780040702.3003747
1780040703.40043
1780040703.6002049
1780040704.2000251
1780040704.6003184
1780040704.8001583
1780040705.0001283
1780040706.4003165
1780040707.8001304
1780040709.1003671
1780040709.4004583
1780040709.6001687
1780040710.2004583
1780040710.4002321
1780040710.9000866
1780040711.1002467
1780040711.7002699
1780040711.8001249
1780040712.0002849
1780040713.200382
1780040714.1000297
1780040715.1004405
1780040716.1003315
1780040717.3003645
1780040717.8000395
1780040717.9003694
1780040718.0001998
1780040718.1000493
1780040718.3001952
1780040719.5002182
1780040721.80004
1780040723.3000574
1780040723.6000574
1780040724.4002247
1780040725.4000676
1780040725.6002228
1780040726.8002505
1780040728.300247
1780040729.6001244
1780040730.2001595
1780040730.400368
1780040730.7003584
1780040731.1001985
1780040731.3003733
1780040731.8001785
1780040732.2001631
1780040732.3000197
1780040732.5002799
1780040733.3001785
1780040733.5003934
1780040733.7001536
1780040734.0002534
1780040734.4002435
1780040734.6004584
1780040735.2004633
1780040735.6003091
1780040736.3001499
1780040736.9001598
1780040737.1003101
1780040738.1999917
1780040738.9004779
1780040739.1002178
1780040740.3003051
1780040740.6003053
1780040741.6001573
1780040742.9000363
1780040744.0003006
1780040745.2000728
1780040746.3002632
1780040747.5003169
1780040748.6002448
1780040749.9004476
1780040751.2003324
1780040752.5000489
1780040753.8002906
1780040755.1003656
1780040756.4003997
1780040757.8002737
1780040759.0000558
1780040760.2000229
1780040761.5003896
1780040762.600009
1780040763.8001804
1780040764.9003961
1780040766.7004011
1780040767.7003043
1780040769.4002042
1780040773.9003563
1780040775.5003736
1780040776.7002568
1780040777.600121
1780040778.7001476
1780040779.6000435
1780040780.5003438
1780040781.6004252
1780040782.5003898
1780040783.6001132
1780040784.6003227
1780040785.7001979
1780040786.800082
1780040787.8004661
1780040788.8003016
1780040790.0003109
1780040791.7000411
1780040792.5001957
1780040793.0003657
1780040793.300375
1780040793.5000598
1780040794.2003751
1780040794.600224
1780040795.0000644
1780040795.2002242
1780040796.5002267
1780040796.7004466
1780040796.900152
1780040797.1003118
1780040797.3000042
1780040797.7003241
1780040797.8999994
1780040798.000324
1780040798.2000091
1780040798.4001875
1780040798.6004076
1780040799.3003366
1780040799.5000765
1780040800.8001013
1780040801.2004714
1780040801.8000307
1780040802.6002541
1780040802.8004091
1780040803.5003235
1780040804.7004731
1780040805.7002723
1780040806.9000714
1780040808.1004548
1780040809.300427
1780040810.4999912
1780040811.6004236
1780040811.900054
1780040813.0001109
1780040813.5001643
1780040814.6003702
1780040815.6001611
1780040816.8000231
1780040817.9004531
1780040818.9000707
1780040819.9000585
1780040820.6000965
1780040821.700026
1780040822.6003022
1780040823.6002946
1780040824.7000303
1780040825.7000086
1780040826.700001
1780040827.900388
1780040828.9004784
1780040830.0003352
1780040831.1003675
1780040832.2002318
1780040833.3003271
1780040834.4000013
1780040834.8004165
1780040835.3001869
1780040836.3003857
1780040837.4000692
1780040837.999913
1780040838.9004536
1780040839.3000627
1780040839.9004278
1780040841.0003374
1780040842.0004358
1780040842.9002812
1780040844.0000463
1780040845.0004058
1780040845.300416
1780040846.5003109
1780040847.0001404
1780040847.4000871
1780040847.7001171
1780040848.2000272
1780040848.3003821
1780040848.5001271
1780040849.5000832
1780040849.8001783
1780040850.4000618
1780040850.9000318
1780040851.5003083
1780040852.400105
1780040853.3001111
1780040854.2003813
1780040855.100184
1780040856.1000452
1780040857.100385
1780040858.1002269
1780040859.1000583
1780040860.3000803
1780040861.2000751
1780040862.1000843
1780040862.9002483
1780040863.8002496
1780040864.7002487
1780040865.500432
1780040866.3001094
1780040867.2001092
1780040868.000268
1780040868.7995696
1780040869.700393
1780040870.7001703
1780040871.5999768
1780040872.6001039
1780040873.6004212
1780040874.5000224
1780040875.4000762
1780040876.4001598
1780040877.2003298
1780040878.1003327
1780040879.1001782
1780040880.0001974
1780040881.0000346
1780040881.8999231
1780040882.1002069
1780040883.0002115
1780040883.9002275
1780040884.5002151
1780040885.0003901
1780040885.2000697
1780040885.4002261
1780040886.1000662
1780040886.3002243
1780040886.8003891
1780040887.4003932
1780040887.7003932
1780040888.3004079
1780040889.000248
1780040889.5004084
1780040890.3001032
1780040891.2000535
1780040892.1000409
1780040892.9002559
1780040893.8002796
1780040894.7002699
1780040895.6999936
1780040896.8002968
1780040897.7003143
1780040898.7001469
1780040899.5003209
1780040900.400321
1780040901.4001648
1780040902.500325
1780040903.5001736
1780040904.4999444
1780040905.6001713
1780040906.5999148
1780040907.6003592
1780040908.600188
1780040909.700381
1780040910.8000598
1780040911.9002194
1780040913.000385
1780040913.900403
1780040914.9002666
1780040915.9000971
1780040916.9004271
1780040917.8004565
1780040918.7001941
1780040919.8001318
1780040920.7001173
1780040921.5002875
1780040922.3004541
1780040923.200449
1780040924.1000328
1780040924.9000475
1780040925.1002028
1780040925.3003652
1780040925.8000653
1780040926.2003906
1780040926.3002508
1780040926.4000859
1780040926.600271
1780040927.5000963
1780040927.8002563
1780040928.3000934
1780040928.8003485
1780040929.5002553
1780040930.000015
1780040930.400465
1780040931.1004047
1780040933.8003428
