1590192050.5003383
1590192051.8501065
1590192051.9504216
1590192052.0502696
1590192052.1501048
1590192052.2504299
1590192052.3502746
1590192052.5504296
1590192052.8504298
1590192053.1000381
1590192053.4504678
1590192053.650213
1590192053.9000525
1590192054.200371
1590192054.450316
1590192054.6001961
1590192054.9500911
1590192055.2003944
1590192055.5501342
1590192055.8504391
1590192056.1501822
1590192056.6004474
1590192056.9501183
1590192057.2000806
1590192057.6002755
1590192057.9000404
1590192058.2002935
1590192058.4000835
1590192058.7503638
1590192059.0500717
1590192059.2504365
1590192059.5001268
1590192059.7503467
1590192060.1004598
1590192060.350275
1590192060.6500947
1590192061.150003
1590192061.5003033
1590192061.850013
1590192062.2500012
1590192062.5501363
1590192062.7503612
1590192063.1503894
1590192063.4500842
1590192063.6503046
1590192063.9000494
1590192064.3500133
1590192064.7500627
1590192065.2000608
1590192065.6001468
1590192065.9002807
1590192066.3004289
1590192066.8503587
1590192067.2503321
1590192067.6004372
1590192067.9500225
1590192068.1502552
1590192068.350065
1590192068.600225
1590192068.8004253
1590192069.1004384
1590192069.4004436
1590192069.6500583
1590192069.8502283
1590192070.2001216
1590192070.5500565
1590192070.8001366
1590192071.1500647
1590192071.6003091
1590192071.8004646
1590192072.1503136
1590192072.5003178
1590192072.7503977
1590192073.0504007
1590192073.2500758
1590192073.4003208
1590192073.550071
1590192073.7003207
1590192073.899991
1590192074.0502243
1590192074.3003142
1590192074.5503991
1590192074.8000042
1590192075.0001671
1590192075.3001673
1590192075.6001475
1590192075.9001672
1590192076.2001703
1590192076.6000054
1590192076.9504004
1590192077.1500835
1590192077.5000136
1590192077.8504035
1590192078.1504116
1590192078.3500967
1590192078.6500967
1590192078.9500914
1590192079.2500997
1590192079.5001798
1590192079.8500946
1590192080.2504528
1590192080.5500026
1590192081.0501757
1590192081.4500659
1590192081.9003608
1590192082.4500439
1590192082.8500688
1590192083.2501118
1590192083.5504069
1590192084.0001502
1590192084.300405
1590192084.7000148
1590192085.1502578
1590192085.6502531
1590192086.0003512
1590192086.2002611
1590192086.4000559
1590192086.5504162
1590192086.7502112
1590192086.9000113
1590192087.0502543
1590192087.2000844
1590192087.3003943
1590192087.4502144
1590192087.5999992
1590192087.8001792
1590192087.9500341
1590192088.2001276
1590192088.3503673
1590192088.5500424
1590192088.7502272
1590192089.2503805
1590192089.6003103
1590192090.0500636
1590192090.4503884
1590192090.8502333
1590192091.3004518
1590192091.7003164
1590192091.9503963
1590192092.1001596
1590192092.2004747
1590192092.3003147
1590192092.4001498
1590192092.5004697
1590192092.6003098
1590192092.7001498
1590192092.8004794
1590192092.9003146
1590192093.0500829
1590192093.2003129
1590192093.3500776
1590192093.5003228
1590192093.6500728
1590192093.8003228
1590192093.9001577
1590192094.050401
1590192094.3000007
1590192094.7004657
1590192095.0504189
1590192095.3504238
1590192095.7503088
1590192096.0000219
1590192096.450387
1590192096.800432
1590192097.0503302
1590192097.3002653
1590192097.5500453
1590192097.8000503
1590192097.9503953
1590192098.1002984
1590192098.2501931
1590192098.4001582
1590192098.6004133
1590192098.7502282
1590192098.9500132
1590192099.1502113
1590192099.3000312
1590192099.4004164
1590192099.5502112
1590192099.6500514
1590192099.8002913
1590192100.0004592
1590192100.1502244
1590192100.5001345
1590192100.7002993
1590192100.8001344
1590192100.9503744
1590192101.0502274
1590192101.1500676
1590192101.2503874
1590192101.3502226
1590192101.4001424
1590192101.5000176
1590192101.6003776
1590192101.7003176
1590192101.8002074
1590192101.9501424
1590192102.1002007
1590192102.2503107
1590192102.3502705
1590192102.4503007
1590192102.5502408
1590192102.6502306
1590192102.8002055
1590192102.9502258
1590192103.3500688
1590192103.8002238
1590192104.0500717
1590192104.300272
1590192104.5500369
1590192104.8003619
1590192105.10006
1590192105.3002949
1590192105.5002298
1590192105.7500498
1590192105.9504349
1590192106.1501429
1590192106.5001428
1590192106.8000484
1590192107.0502362
1590192107.250396
1590192107.5504012
1590192107.8000009
1590192108.000159
1590192108.150409
1590192108.2502391
1590192108.3500841
1590192108.500329
1590192108.600184
1590192108.850379
1590192109.1501019
1590192109.500427
1590192109.8001721
1590192110.1502953
1590192110.350275
1590192110.5001252
1590192110.65009
1590192110.8000553
1590192110.9500253
1590192111.1004131
1590192111.2503932
1590192111.4002984
1590192111.5502582
1590192111.750483
1590192111.9002533
1590192112.0500712
1590192112.1504209
1590192112.2502611
1590192112.350101
1590192112.4504113
1590192112.6001713
1590192112.700021
1590192112.850261
1590192113.0000241
1590192113.300014
1590192113.6000192
1590192114.0502672
1590192114.3003421
1590192114.5504224
1590192114.8504372
1590192115.0502102
1590192115.4004452
1590192115.8001206
1590192116.1002731
1590192116.3501732
1590192116.550148
1590192116.800348
1590192117.050256
1590192117.3001561
1590192117.5000112
1590192117.700031
1590192117.9004064
1590192118.1004493
1590192118.3000743
1590192118.6500592
1590192119.1003222
1590192119.5501974
1590192119.9001124
1590192120.4001155
1590192120.648809
1590192121.2000785
1590192121.6000433
1590192121.9501033
1590192122.3501165
1590192122.7001913
1590192123.0504146
1590192123.4004695
1590192123.7000144
1590192124.0004475
1590192124.4003274
1590192124.6502774
1590192124.9501524
1590192125.2983921
1590192125.6003006
1590192125.8499906
1590192126.1002436
1590192126.3500035
1590192126.5503635
1590192126.7002137
1590192126.9000435
1590192127.0004516
1590192127.1503417
1590192127.3501418
1590192127.5000417
1590192127.7003617
1590192127.9001517
1590192128.0504596
1590192128.2002447
1590192128.400465
1590192128.6002197
1590192128.8503096
1590192129.1004078
1590192129.2503231
1590192129.4002278
1590192129.5501077
1590192129.7004631
1590192129.9004028
1590192130.1004508
1590192130.2504458
1590192130.4004056
1590192130.5504057
1590192130.6998217
1590192130.9004757
1590192131.3004739
1590192131.7000139
1590192132.0002019
1590192132.4502969
1590192132.9501717
1590192133.200285
1590192133.7003448
1590192134.150383
1590192134.600023
1590192134.950063
1590192135.3986931
1590192135.8003063
1590192136.2502191
1590192136.7001688
1590192137.0000069
1590192137.350177
1590192137.5504272
1590192137.7003672
1590192137.950232
1590192138.2504699
1590192138.450295
1590192138.7501397
1590192139.100373
1590192139.3500729
1590192139.650193
1590192139.850358
1590192140.0500407
1590192140.250206
1590192140.4004409
1590192140.5502005
1590192140.7004359
1590192140.8490927
1590192141.0004089
1590192141.1502037
1590192141.3004439
1590192141.5500488
1590192141.8001242
1590192142.1001124
1590192142.250402
1590192142.4001718
1590192142.5000119
1590192142.6502421
1590192142.8000021
1590192142.900322
1590192143.0001698
1590192143.1000049
1590192143.2003348
1590192143.3001697
1590192143.4504149
1590192143.6000757
1590192143.8003297
1590192144.0504129
1590192144.2500927
1590192144.4003327
1590192144.5001631
1590192144.7003379
1590192145.0502558
1590192145.250406
1590192145.4501009
1590192145.5504158
1590192145.7001808
1590192145.9003909
1590192146.1001539
1590192146.2500339
1590192146.3504288
1590192146.4503589
1590192146.5504239
1590192146.6504588
1590192146.7500341
1590192146.8500738
1590192147.0001068
1590192147.2003617
1590192147.5003867
1590192147.7003767
1590192147.9002619
1590192148.1500697
1590192148.3500497
1590192148.5003448
1590192148.700105
1590192148.8503399
1590192149.0001078
1590192149.2501929
1590192149.4503529
1590192149.650033
1590192150.0501232
1590192150.3503461
1590192150.7001157
1590192151.0503287
1590192151.3003387
1590192151.5003538
1590192151.7503538
1590192152.0503023
1590192152.400322
1590192152.7002919
1590192152.9002919
1590192153.1002848
1590192153.4002798
1590192153.7002749
1590192153.9002452
1590192154.150208
1590192154.5001979
1590192154.850158
1590192155.150106
1590192155.4998441
1590192155.7500513
1590192156.1000938
1590192156.450304
1590192156.7003043
1590192156.9501143
1590192157.2004671
1590192157.4002421
1590192157.6000321
1590192157.700417
1590192157.950412
1590192158.2002602
1590192158.4502552
1590192158.6502101
1590192158.8501899
1590192159.0500631
1590192159.2504129
1590192159.4502532
1590192159.700398
1590192159.9001431
1590192160.0503809
1590192160.2491119
1590192160.4003563
1590192160.5501714
1590192160.750396
1590192161.0500042
1590192161.300179
1590192161.450469
1590192161.6002893
1590192161.7501843
1590192161.9001193
1590192162.0502224
1590192162.2501073
1590192162.4500673
1590192162.6001122
1590192162.8002872
1590192163.0502253
1590192163.4002101
1590192163.7002752
1590192164.1002281
1590192164.450273
1590192164.6502283
1590192164.9501681
1590192165.1501613
1590192165.3500962
1590192165.7498262
1590192165.9503212
1590192166.5004342
1590192166.7500041
1590192167.0504572
1590192167.4004622
1590192167.7004521
1590192168.000015
1590192168.2500498
1590192168.5500298
1590192168.8004651
1590192169.0004129
1590192169.5003529
1590192169.9001129
1590192170.1500061
1590192170.4003758
1590192170.6002309
1590192170.8503859
1590192171.2004738
1590192171.4501293
1590192171.7002189
1590192171.8504589
1590192172.0501518
1590192172.2501781
1590192172.550312
1590192172.850312
1590192173.0499897
1590192173.1497657
1590192173.3000798
1590192173.4503248
1590192173.5501597
1590192173.800235
1590192174.1002877
1590192174.3000877
1590192174.6002979
1590192174.750133
1590192174.8500628
1590192174.9504378
1590192175.0504408
1590192175.1997619
1590192175.3001812
1590192175.4501009
1590192175.6499367
1590192175.7500758
1590192175.8500562
1590192176.0001287
1590192176.1501489
1590192176.4000735
1590192176.650209
1590192176.8502736
1590192176.9503739
1590192177.1004567
1590192177.200007
1590192177.3000565
1590192177.4504769
1590192177.600467
1590192177.7503719
1590192177.8502967
1590192177.9501967
1590192178.0501547
1590192178.1501548
1590192178.25015
1590192178.3502002
1590192178.5003049
1590192178.6502998
1590192178.8503349
1590192179.1003978
1590192179.3002529
1590192179.5002429
1590192179.8502128
1590192180.050246
1590192180.249893
1590192180.5002561
1590192180.7004359
1590192180.900116
1590192181.1002889
1590192181.2500489
1590192181.4002838
1590192181.6503592
1590192181.9503639
1590192182.250407
1590192182.6004019
1590192182.900347
1590192183.2504101
1590192183.450455
1590192183.7003698
1590192184.100018
1590192184.4004681
1590192184.7503781
1590192185.0004311
1590192185.1504412
1590192185.2499959
1590192185.39767
1590192185.6003411
1590192185.8501911
1590192186.100059
1590192186.3000941
1590192186.5500741
1590192186.9003942
1590192187.3003573
1590192187.5503223
1590192187.8500772
1590192188.0501502
1590192188.4000802
1590192188.6500401
1590192188.9503903
1590192189.2002234
1590192189.4501033
1590192189.6504683
1590192189.9002132
1590192190.1504662
1590192190.4503314
1590192190.7486923
1590192191.0003994
1590192191.3002195
1590192191.5500245
1590192191.8002594
1590192192.0000823
1590192192.1504121
1590192192.3003173
1590192192.5501175
1590192192.8002923
1590192193.000015
1590192193.2501652
1590192193.5003552
1590192193.7504551
1590192194.0502234
1590192194.3004231
1590192194.5002432
1590192194.6502581
1590192194.8002183
1590192194.9002233
1590192195.0500813
1590192195.2501168
1590192195.4995637
1590192195.7503262
1590192196.0004241
1590192196.2503741
1590192196.700114
1590192197.100327
1590192197.6002574
1590192197.9002721
1590192198.1502502
1590192198.45031
1590192198.8002102
1590192199.2501781
1590192199.6500182
1590192200.1000862
1590192200.4500561
1590192200.7000964
1590192201.0999992
1590192201.4003391
1590192201.7504394
1590192202.2504423
1590192202.7504373
1590192203.1500254
1590192203.5004454
1590192203.9000654
1590192204.2502987
1590192204.6500435
1590192205.0501714
1590192205.4497821
1590192205.8998294
1590192206.2500648
1590192206.6001096
1590192206.9503546
1590192207.2502074
1590192207.5000074
1590192207.7003672
1590192207.8501577
1590192207.9500024
1590192208.1002805
1590192208.2500856
1590192208.4003456
1590192208.5501206
1590192208.6504459
1590192208.7502806
1590192208.9000406
1590192209.0500658
1590192209.2504487
1590192209.4499998
1590192209.8000438
1590192209.9502637
1590192210.1000566
1590192210.2496238
1590192210.3501267
1590192210.4501367
1590192210.6004469
1590192210.8003221
1590192211.2500248
1590192211.5001798
1590192211.7504549
1590192212.0002728
1590192212.3000777
1590192212.4500179
1590192212.6503227
1590192212.8001978
1590192212.9501579
1590192213.200026
1590192213.5004058
1590192213.700341
1590192213.9003859
1590192214.100379
1590192214.4504142
1590192214.7502992
1590192215.1001523
1590192215.4501772
1590192215.9000022
1590192216.3004205
1590192216.7002451
1590192217.1000333
1590192217.3502982
1590192217.6502929
1590192217.8501983
1590192218.0501564
1590192218.2500212
1590192218.4004562
1590192218.5504162
1590192218.7003212
1590192219.0001791
1590192219.4503243
1590192219.7001743
1590192219.9500043
1590192220.4001775
1590192220.7000473
1590192220.9003525
1590192221.1002004
1590192221.2501802
1590192221.4000404
1590192221.5004103
1590192221.6504004
1590192221.9003053
1590192222.1002235
1590192222.3000884
1590192222.5000088
1590192222.9000185
1590192223.2503061
1590192223.5501363
1590192223.7502711
1590192223.9001462
1590192224.0502143
1590192224.2502193
1590192224.5001743
1590192224.7002494
1590192224.9503646
1590192225.2991252
1590192225.7004025
1590192226.1001654
1590192226.2502158
1590192226.4002855
1590192226.5503156
1590192226.8502605
1590192227.2502685
1590192227.5502884
1590192227.8501635
1590192228.2001467
1590192228.7001817
1590192229.1504648
1590192229.4500346
1590192229.8004446
1590192230.2003028
1590192230.5002875
1590192230.849411
1590192231.0000858
1590192231.2500358
1590192231.5501206
1590192231.9500158
1590192232.3004241
1590192232.550354
1590192232.7002389
1590192232.8502638
1590192233.0001869
1590192233.150147
1590192233.3500271
1590192233.6004422
1590192233.8504467
1590192234.000365
1590192234.1003051
1590192234.2501214
1590192234.35028
1590192234.4502301
1590192234.5501852
1590192234.650125
1590192234.7500601
1590192234.9000051
1590192235.1003082
1590192235.350183
1590192235.7004232
1590192236.0500963
1590192236.3503513
1590192236.8504064
1590192237.2000995
1590192237.5503595
1590192237.8502192
1590192238.2000728
1590192238.5502725
1590192238.9504526
1590192239.1003356
1590192239.4501455
1590192239.8000853
1590192240.2003088
1590192240.5500088
1590192240.7496016
1590192241.0501268
1590192241.4503272
1590192241.8501022
1590192242.1003504
1590192242.5001452
1590192242.8503501
1590192243.2501283
1590192243.4500384
1590192243.7003882
1590192244.0500014
1590192244.4002361
1590192244.6500814
1590192244.9000165
1590192245.3502495
1590192245.5501044
1590192245.7499897
1590192245.9503644
1590192246.1502275
1590192246.3501976
1590192246.5500476
1590192246.9003475
1590192247.1002805
1590192247.4503858
1590192247.7502205
1590192248.0500436
1590192248.3004236
1590192248.7003036
1590192248.9501238
1590192249.1504118
1590192249.350332
1590192249.6501768
1590192249.8500917
1590192250.050055
1590192250.2000546
1590192250.3503501
1590192250.7500498
1590192251.1003978
1590192251.3002081
1590192251.650038
1590192252.0502808
1590192252.3001561
1590192252.6001811
1590192253.0002093
1590192253.350034
1590192253.6004641
1590192253.9502892
1590192254.1001623
1590192254.4003272
1590192254.8002121
1590192255.0500808
1590192255.5004354
1590192255.9002006
1590192256.1000731
1590192256.3504336
1590192256.7501335
1590192256.9500484
1590192257.4004612
1590192257.7003016
1590192257.9501715
1590192258.1999996
1590192258.5503149
1590192258.8500597
1590192259.1504281
1590192259.4503229
1590192259.700278
1590192260.0500462
1590192260.4004011
1590192260.6504312
1590192261.0002394
1590192261.3501241
1590192261.6000144
1590192261.9003742
1590192262.1504374
1590192262.5003126
1590192262.8504324
1590192263.1002557
1590192263.3501706
1590192263.6000407
1590192263.9501758
1590192264.2501037
1590192264.500459
1590192264.8504238
1590192265.3002281
1590192265.6502421
1590192265.9002171
1590192266.1000757
1590192266.3501253
1590192266.7000103
1590192266.9504404
1590192267.3002284
1590192267.7002082
1590192268.0000818
1590192268.2504265
1590192268.4503665
1590192268.6002765
1590192268.8502467
1590192269.1001494
1590192269.4502544
1590192269.7501144
1590192270.0000527
1590192270.3000779
1590192270.6501627
1590192271.000201
1590192271.4000561
1590192271.7001162
1590192272.050139
1590192272.4500091
1590192272.8504393
1590192273.2003422
1590192273.4502573
1590192273.8000722
1590192274.0504353
1590192274.3503551
1590192274.6004052
1590192274.8502553
1590192275.1502085
1590192275.4000983
1590192275.7004385
1590192275.9004183
1590192276.2004368
1590192276.5003216
1590192276.7003517
1590192276.8502414
1590192277.1001198
1590192277.3004348
1590192277.6503949
1590192277.8503399
1590192278.1002581
1590192278.4502227
1590192278.6501079
1590192278.8500679
1590192279.0503411
1590192279.2002461
1590192279.3002863
1590192279.4002311
1590192279.500241
1590192279.6002512
1590192279.7001863
1590192279.8001311
1590192279.9001062
1590192280.0501344
1590192280.2000196
1590192280.4504445
1590192280.7003345
1590192281.0002227
1590192281.3004527
1590192281.6000373
1590192281.9000225
1590192282.2501907
1590192282.6502206
1590192282.9501457
1590192283.2502637
1590192283.5002389
1590192283.7003541
1590192284.0002971
1590192284.350327
1590192284.5502923
1590192284.9503822
1590192285.2501009
1590192285.4001105
1590192285.5000405
1590192285.6500056
1590192285.8001254
1590192285.9500003
1590192286.0504091
1590192286.1503484
1590192286.2503636
1590192286.3003488
1590192286.4003336
1590192286.5003235
1590192286.6002836
1590192286.6502435
1590192286.7501686
1590192286.8501334
1590192286.9500887
1590192287.0500717
1590192287.2000117
1590192287.4003868
1590192287.5502868
1590192287.7501519
1590192288.0000751
1590192288.3501198
1590192288.6001
1590192288.8000951
1590192289.0501132
1590192289.3500535
1590192289.6003833
1590192289.8503134
1590192290.1002119
1590192290.3500464
1590192290.5500216
1590192290.6500216
1590192290.7504117
1590192290.8003466
1590192290.8503416
1590192290.9002717
1590192290.9502265
1590192291.0001748
1590192291.0502448
1590192291.10022
1590192291.1502998
1590192291.2002797
1590192291.2503848
1590192291.3003049
1590192291.3503897
1590192291.4002998
1590192291.5003951
1590192291.6003449
1590192291.7003198
1590192291.900285
1590192292.2001529
1590192292.4501681
1590192292.7000678
1590192292.9504275
1590192293.2504461
1590192293.5503111
1590192293.8001461
1590192294.0500944
1590192294.4000192
1590192294.7003295
1590192294.9001894
1590192295.0500326
1590192295.4000523
1590192295.6502876
1590192295.8499985
1590192296.1001658
1590192296.5000257
1590192296.7001758
1590192297.100019
1590192297.450424
1590192297.6495299
1590192297.9001789
1590192298.1502624
1590192298.5001872
1590192298.8001921
1590192299.1001902
1590192299.4001901
1590192299.5998356
1590192299.9003501
1590192300.1504285
1590192300.4000385
1590192300.7000334
1590192301.0001366
1590192301.3001568
1590192301.5000768
1590192301.800432
1590192302.1502352
1590192302.3500149
1590192302.550245
1590192302.85028
1590192303.1001904
1590192303.3504384
1590192303.6000383
1590192303.8001983
1590192304.0502815
1590192304.3503015
1590192304.7002914
1590192305.0002751
1590192305.1502147
1590192305.3500798
1590192305.6004548
1590192305.8003547
1590192306.0502579
1590192306.2501681
1590192306.600008
1590192306.8004479
1590192307.1001413
1590192307.3000915
1590192307.5000412
1590192307.7001162
1590192308.0002995
1590192308.2500246
1590192308.4502146
1590192308.7000446
1590192308.9502997
1590192309.1001379
1590192309.3000228
1590192309.5003078
1590192309.8000777
1590192310.1003411
1590192310.3501964
1590192310.5999184
1590192310.9502261
1590192311.2503595
1590192311.5504045
1590192311.8501945
1590192312.1502776
1590192312.3502376
1590192312.6501176
1590192312.9001126
1590192313.1500909
1590192313.3500962
1590192313.7502813
1590192313.9501512
1590192314.3501897
1590192314.5000443
1590192314.6000144
1590192314.7004194
1590192314.8003445
1590192314.9003792
1590192315.0003624
1590192315.1502578
1590192315.3001826
1590192315.4502027
1590192315.550108
1590192315.6500776
1590192315.7500875
1590192315.8500528
1590192315.9499335
1590192316.050436
1590192316.1500363
1590192316.2500808
1590192316.350071
1590192316.4500911
1590192316.6000009
1590192316.8503609
1590192317.1501141
1590192317.3500841
1590192317.5000892
1590192317.700469
1590192317.8503842
1590192318.1502724
1590192318.4003172
1590192318.6501973
1590192318.9001124
1590192319.1504104
1590192319.4002857
1590192319.7003908
1590192320.0000837
1590192320.3501186
1590192320.5503387
1590192320.8504636
1590192321.1500471
1590192321.350282
1590192321.550467
1590192321.8001471
1590192322.1502852
1590192322.4000254
1590192322.6004102
1590192322.8002706
1590192323.1502635
1590192323.4002235
1590192323.6500435
1590192323.9000835
1590192324.3001118
1590192324.5501368
1590192324.9501469
1590192325.3002751
1590192325.55003
1590192325.8500903
1590192326.1502633
1590192326.4503984
1590192326.7500434
1590192326.9504032
1590192327.3004415
1590192327.5003216
1590192327.8000369
1590192328.05037
1590192328.3500249
1590192328.65026
1590192329.0000684
1590192329.4004235
1590192329.7500834
1590192330.0002766
1590192330.2003665
1590192330.4500365
1590192330.7502565
1590192330.9002914
1590192331.0003798
1590192331.1003151
1590192331.2002809
1590192331.3003101
1590192331.4002147
1590192331.5001652
1590192331.6500394
1590192331.8002949
1590192332.0500183
1590192332.5000584
1590192332.9501035
1590192333.2002666
1590192333.5003414
1590192333.8503265
1590192334.1004097
1590192334.6000602
1590192335.0004132
1590192335.3503332
1590192335.6004083
1590192335.9504082
1590192336.1501517
1590192336.4003015
1590192336.9501963
1590192337.1504352
1590192337.3501601
1590192337.5004401
1590192337.6003401
1590192337.7002501
1590192337.85008
1590192338.2000935
1590192338.7002583
1590192338.9004235
1590192339.1001067
1590192339.2503469
1590192339.3501768
1590192339.4500268
1590192339.6002614
1590192339.8001168
1590192339.9500968
1590192340.3003902
1590192340.4490135
1590192340.6000402
1590192340.7501168
1590192340.9504402
1590192341.3502884
1590192341.5000536
1590192341.6502788
1590192341.8504536
1590192342.1504567
1590192342.3002117
1590192342.4504566
1590192342.6002669
1590192342.8000867
1590192343.1502001
1590192343.4004149
1590192343.6503601
1590192343.90029
1590192344.3001535
1590192344.6504633
1590192344.9504185
1590192345.3501568
1590192345.6504467
1590192346.1499903
1590192346.7500401
1590192347.0502532
1590192347.3000333
1590192347.5003531
1590192347.7504034
1590192347.9502833
1590192348.2500865
1590192348.6003866
1590192348.9002564
1590192349.30039
1590192349.6503599
1590192349.9500799
1590192350.2003834
1590192350.4502532
1590192350.7493153
1590192351.1502018
1590192351.5000465
1590192351.9502416
1590192352.2004402
1590192352.4002299
1590192352.60004
1590192352.9002199
1590192353.1501284
1590192353.3500433
1590192353.5502634
1590192353.9004283
1590192354.1002066
1590192354.3504066
1590192354.6001966
1590192354.8504717
1590192355.0502801
1590192355.2501202
1590192355.3993185
1590192355.55042
1590192355.7502902
1590192355.9001601
1590192356.0500333
1590192356.2003384
1590192356.3001685
1590192356.4504135
1590192356.6001782
1590192356.8502584
1590192357.1502619
1590192357.4003417
1590192357.6000168
1590192357.9000218
1590192358.2504601
1590192358.5502052
1590192358.8001902
1590192359.0500636
1590192359.3004637
1590192359.5003936
1590192359.7002685
1590192359.8502488
1590192360.0001271
1590192360.2000971
1590192360.4004722
1590192360.8001571
1590192361.1504154
1590192361.4501405
1590192361.9504154
1590192362.3001037
1590192362.6002939
1590192362.9500492
1590192363.2002022
1590192363.4503973
1590192363.7002223
1590192363.9500172
1590192364.1503706
1590192364.4502053
1590192364.7503457
1590192364.9501207
1590192365.2502341
1590192365.4994063
1590192365.7504489
1590192366.0001075
1590192366.3501477
1590192366.5504277
1590192366.8001678
1590192367.100281
1590192367.300061
1590192367.5502758
1590192367.7000411
1590192368.0000644
1590192368.2501442
1590192368.5002143
1590192368.8501344
1590192369.0003877
1590192369.2000575
1590192369.3503077
1590192369.6003876
1590192369.9003825
1590192370.1000612
1590192370.500391
1590192370.7501445
1590192371.1003845
1590192371.5003445
1590192371.7001543
1590192371.9004445
1590192372.0503979
1590192372.1503479
1590192372.2500579
1590192372.3500378
1590192372.4500678
1590192372.5501378
1590192372.7001126
1590192372.8501527
1590192373.0502315
1590192373.2002511
1590192373.3501911
1590192373.4500363
1590192373.600316
1590192373.7500811
1590192373.900321
1590192374.0999994
1590192374.2502346
1590192374.3500745
1590192374.4500244
1590192374.5504546
1590192374.6504598
1590192374.7504146
1590192374.9000394
1590192375.0504677
1590192375.200448
1590192375.3998544
1590192375.550283
1590192375.700078
1590192375.9501581
1590192376.2002513
1590192376.5499189
1590192376.8002462
1590192377.2500048
1590192377.5000899
1590192377.8500047
1590192378.1000783
1590192378.3003383
1590192378.4501681
1590192378.6001582
1590192378.8504584
1590192379.2001116
1590192379.4502766
1590192379.9503415
1590192380.3489122
1590192380.65028
1590192380.9000599
1590192381.2001107
1590192381.4501436
1590192381.7503786
1590192382.0002418
1590192382.300467
1590192382.5502119
1590192382.9503069
1590192383.2500255
1590192383.5002704
1590192383.7503855
1590192383.9501352
1590192384.2003539
1590192384.4000537
1590192384.6502588
1590192384.9502988
1590192385.1999972
1590192385.4501772
1590192385.7503223
1590192386.0001607
1590192386.1500854
1590192386.3004656
1590192386.5003452
1590192386.7001758
1590192386.8999958
1590192387.000344
1590192387.100184
1590192387.2504442
1590192387.3502841
1590192387.4501193
1590192387.6003642
1590192387.7501192
1590192388.0002224
1590192388.2004378
1590192388.3502276
1590192388.5504675
1590192388.7501476
1590192388.9004726
1590192389.0503359
1590192389.2002561
1590192389.350316
1590192389.5501561
1590192389.9003861
1590192390.3001795
1590192390.6003745
1590192391.0503087
1590192391.3000529
1590192391.800113
1590192392.1502013
1590192392.5502763
1590192392.9000013
1590192393.2500398
1590192393.5502446
1590192393.9503798
1590192394.1501479
1590192394.3503733
1590192394.6500731
1590192394.8503432
1590192395.2503369
1590192395.6004515
1590192395.8501163
1590192396.15028
1590192396.4500349
1590192396.70016
1590192396.9003699
1590192397.1000535
1590192397.3002136
1590192397.500319
1590192397.8503032
1590192398.1003816
1590192398.2501416
1590192398.4003868
1590192398.6504421
1590192398.7503169
1590192398.8502369
1590192398.9502068
1590192399.0500851
1590192399.1500053
1590192399.2504401
1590192399.3504653
1590192399.5004702
1590192399.600445
1590192399.7003653
1590192399.8003852
1590192399.9003751
1590192400.0002885
1590192400.1002336
1590192400.2500436
1590192400.5002286
1590192400.7000682
1590192400.9502687
1590192401.3503921
1590192401.9002471
1590192402.3003106
1590192402.6004505
1590192403.0504038
1590192403.3501139
1590192403.550339
1590192403.7501242
1590192403.8999941
1590192404.0503778
1590192404.1503224
1590192404.2501876
1590192404.3500376
1590192404.4500225
1590192404.6000226
1590192404.7500074
1590192404.8499975
1590192405.0003858
1590192405.1504509
1590192405.3500559
1590192405.6000409
1590192405.8503711
1590192406.1001942
1590192406.2500196
1590192406.3503544
1590192406.5001144
1590192406.7501845
1590192407.1500328
1590192407.6002779
1590192407.9490151
1590192408.1503613
1590192408.3500414
1590192408.5002763
1590192408.6500313
1590192408.8002713
1590192409.0004349
1590192409.200125
1590192409.3503449
1590192409.5001199
1590192409.6503649
1590192409.8001249
1590192410.1004133
1590192410.4499741
1590192410.7500687
1590192410.9500957
1590192411.1002419
1590192411.2001319
1590192411.3500669
1590192411.500432
1590192411.6504619
1590192411.9000168
1590192412.3004754
1590192412.4997051
1590192412.8001502
1590192413.1001587
1590192413.3502388
1590192413.6003189
1590192413.850034
1590192414.1003623
1590192414.3501725
1590192414.6000974
1590192415.0001807
1590192415.3003559
1590192415.6000657
1590192415.950196
1590192416.3504195
1590192416.6501842
1590192416.9500043
1590192417.2502229
1590192417.6003828
1590192417.8502676
1590192418.1500461
1590192418.4002962
1590192418.7004063
1590192419.0500746
1590192419.4001746
1590192419.6503546
1590192419.9000947
1590192420.2002833
1590192420.5500031
1590192420.800138
1590192420.9490969
1590192421.1501415
1590192421.3504615
1590192421.4503365
1590192421.5502365
1590192421.6501615
1590192421.8000364
1590192421.9504566
1590192422.0503402
1590192422.2002299
1590192422.3501551
1590192422.5004649
1590192422.6003251
1590192422.7001801
1590192422.8504252
1590192423.0002534
1590192423.2000189
1590192423.4002085
1590192423.6003635
1590192423.7502134
1590192423.9501085
1590192424.2000368
1590192424.4504569
1590192424.650347
1590192424.9002564
1590192425.3503103
1590192425.5501106
1590192425.9501505
1590192426.300319
1590192426.5500338
1590192426.800319
1590192427.1504624
1590192427.5000324
1590192427.7503223
1590192428.0501008
1590192428.3503261
1590192428.6500208
1590192429.0001292
1590192429.2503293
1590192429.6003742
1590192429.8500292
1590192430.0502179
1590192430.3004529
1590192430.6001081
1590192430.7501016
1590192430.8503177
1590192431.1000314
1590192431.3004115
1590192431.5003417
1590192431.7001615
1590192431.9001114
1590192432.0504448
1590192432.150295
1590192432.3504601
1590192432.5501449
1590192432.800225
1590192432.9000554
1590192433.0003834
1590192433.1501434
1590192433.2504585
1590192433.4002285
1590192433.5000684
1590192433.6003835
1590192433.7002785
1590192433.8500433
1590192434.0500021
1590192434.2500885
1590192434.550287
1590192434.750442
1590192434.9501224
1590192435.2001958
1590192435.4003656
1590192435.6500905
1590192435.8503904
1590192436.2503543
1590192436.5004342
1590192436.6998074
1590192436.900274
1590192437.1503627
1590192437.3500426
1590192437.6500428
1590192437.8501925
1590192438.0004361
1590192438.1501963
1590192438.4501963
1590192438.6004415
1590192438.7502062
1590192438.9003966
1590192439.0501997
1590192439.1500399
1590192439.2503643
1590192439.4500446
1590192439.6003597
1590192439.7002647
1590192439.8501794
1590192440.0000331
1590192440.100353
1590192440.2501881
1590192440.3501477
1590192440.4500279
1590192440.5503433
1590192440.7001081
1590192440.8502145
1590192440.9495745
1590192441.1004364
1590192441.2501915
1590192441.5501916
1590192441.8501916
1590192442.10027
1590192442.3004401
1590192442.40028
1590192442.60044
1590192442.90044
1590192443.1500335
1590192443.5004387
1590192443.6501935
1590192443.8000534
1590192443.9503336
1590192444.2000668
1590192444.400322
1590192444.6000619
1590192444.8002419
1590192445.0004203
1590192445.2002206
1590192445.4503605
1590192445.6500406
1590192445.9501004
1590192446.2501338
1590192446.5502889
1590192446.7502937
1590192447.1000924
1590192447.3003874
1590192447.4502373
1590192447.6000924
1590192447.7004173
1590192447.8002524
1590192447.9501173
1590192448.1503611
1590192448.4001708
1590192448.600436
1590192448.750356
1590192448.9502358
1590192449.2500193
1590192449.5502946
1590192449.8503444
1590192450.050128
1590192450.3502631
1590192450.800154
1590192451.0500693
1590192451.3003311
1590192451.7003214
1590192451.9501615
1590192452.3503902
1590192452.6002352
1590192452.950125
1590192453.2000184
1590192453.5502985
1590192453.8503585
1590192454.1003168
1590192454.3502369
1590192454.6000772
1590192454.8001568
1590192454.9500322
1590192455.2500358
1590192455.4991949
1590192455.7503955
1590192456.100244
1590192456.4504192
1590192456.7502193
1590192456.9502041
1590192457.1001077
1590192457.4503326
1590192457.6501029
1590192457.8504226
1590192458.000396
1590192458.2002711
1590192458.3501763
1590192458.5503962
1590192458.7002864
1590192458.9001112
1590192459.0503953
1590192459.1502898
1590192459.2502749
1590192459.3002298
1590192459.4000897
1590192459.5001097
1590192459.6000347
1590192459.7000549
1590192459.8004346
1590192459.9000096
1590192460.0500534
1590192460.2000432
1590192460.3501632
1590192460.5502486
1590192460.8002136
1590192461.0001121
1590192461.3501668
1590192461.7001619
1590192462.1002905
1590192462.4003608
1590192462.8004103
1590192463.2504539
1590192463.5504239
1590192463.8503292
1590192464.1003227
1590192464.3004324
1590192464.5003924
1590192464.8501523
1590192465.1000912
1590192465.3504159
1590192465.750356
1590192465.950321
1590192466.1503844
1590192466.3503397
1590192466.6001143
1590192466.8003745
1590192466.9501593
1590192467.1004429
1590192467.2502432
1590192467.400018
1590192467.5502579
1590192467.700068
1590192467.8004427
1590192467.9503078
1590192468.0502014
1590192468.1501613
1590192468.2500465
1590192468.3500464
1590192468.4500315
1590192468.5504665
1590192468.7000666
1590192468.9000316
1590192469.0504451
1590192469.3000052
1590192469.5004201
1590192469.8000255
1590192470.0504334
1590192470.3504333
1590192470.6004133
1590192471.0000219
1590192471.1999674
1590192471.5003169
1590192471.8003569
1590192472.0504456
1590192472.4002457
1590192472.7002006
1590192472.9502757
1590192473.250339
1590192473.550349
1590192473.900229
1590192474.2004476
1590192474.4003525
1590192474.6500726
1590192474.9004526
1590192475.1002662
1590192475.2502959
1590192475.400166
1590192475.5501111
1590192475.6999571
1590192475.9004507
1590192476.1004248
1590192476.2503347
1590192476.4502497
1590192476.6000545
1590192476.7503147
1590192476.9000697
1590192477.0503132
1590192477.2000732
1590192477.4501581
1590192477.6503232
1590192477.8001733
1590192477.950043
1590192478.0500216
1590192478.1501217
1590192478.3000617
1590192478.4500968
1590192478.6504018
1590192478.9000368
1590192479.1001503
1590192479.3001204
1590192479.6004703
1590192479.9503403
1590192480.2503288
1590192480.6479337
1590192481.1002922
1590192481.5000973
1590192482.0001512
1590192482.3003361
1590192482.700371
1590192483.0003595
1590192483.2502997
1590192483.6002595
1590192483.8504446
1590192484.1501985
1590192484.4500883
1590192484.7504382
1590192485.0002818
1590192485.3000317
1590192485.5001917
1590192485.6504269
1590192485.7502718
1590192485.8501017
1590192485.9503725
1590192486.0502703
1590192486.1999414
1590192486.3502753
1590192486.5504353
1590192486.8000355
1590192486.9502356
1590192487.100029
1590192487.2502689
1590192487.5003591
1590192487.7000289
1590192487.9501293
1590192488.1002476
1590192488.2502427
1590192488.3502727
1590192488.5003576
1590192488.7000625
1590192488.9000525
1590192489.1001761
1590192489.3502162
1590192489.6501613
1590192489.9000313
1590192490.2502694
1590192490.5494971
1590192490.8002644
1590192491.300333
1590192491.7004333
1590192492.1000266
1590192492.3500066
1590192492.6501369
1590192492.9004269
1590192493.2003751
1590192493.5001552
1590192493.7504001
1590192494.1002934
1590192494.300174
1590192494.4500637
1590192494.6000235
1590192494.7503588
1590192494.9501936
1590192495.200037
1590192495.4503274
1590192495.6003871
1590192495.750267
1590192495.8502626
1590192496.0001657
1590192496.2502859
1590192496.4001057
1590192496.5503807
1590192496.7001407
1590192496.8000309
1590192496.9003658
1590192497.0002143
1590192497.1000843
1590192497.2004542
1590192497.3502545
1590192497.5002294
1590192497.7001143
1590192497.9003243
1590192498.1503279
1590192498.3503981
1590192498.6004329
1590192498.8000529
1590192499.0001166
1590192499.3000364
1590192499.4000766
1590192499.5501015
1590192499.7500365
1590192500.05004
1590192500.30038
1590192500.5503857
1590192501.0504241
1590192501.4001236
1590192501.6003885
1590192501.9500535
1590192502.3000522
1590192502.500432
1590192502.8002923
1590192503.1002059
1590192503.3504658
1590192503.7002456
1590192504.0004544
1590192504.3001995
1590192504.5003996
1590192504.8004792
1590192505.2003179
1590192505.500036
1590192505.7499833
1590192506.0003366
1590192506.2501967
1590192506.5500665
1590192506.8501468
1590192507.1502056
1590192507.3504052
1590192507.5500803
1590192507.7503002
1590192508.0503087
1590192508.2000639
1590192508.3503137
1590192508.5504639
1590192508.7501488
1590192509.0002322
1590192509.2003872
1590192509.4501474
1590192509.7000477
1590192509.9500873
1590192510.2501609
1590192510.5503862
1590192510.7999861
1590192511.1004193
1590192511.4000394
1590192511.5503192
1590192511.7000897
1590192511.8502851
1590192511.9494472
1590192512.0001028
1590192512.0500081
1590192512.1503479
1590192512.2002625
1590192512.2501781
1590192512.3500228
1590192512.4503429
1590192512.5501781
1590192512.6500227
1590192512.7503479
1590192512.8992667
1590192513.0500398
1590192513.1495037
1590192513.3004212
1590192514.1481991
