1 -0.000171966 -0.00043857 0.00873375 0.000171724 1 -0.000551059 -1.12462e-05 0.000438665 0.000550984 1 0.0030998
0.999875 0.000132005 0.0158195 0.81059 -0.000180912 0.999995 0.00309021 0.00030183 -0.015819 -0.00309268 0.99987 0.41484
0.999827 -0.00588976 0.0176345 1.71623 0.00579554 0.999969 0.00538961 0.000953578 -0.0176657 -0.00528647 0.99983 0.887453
0.999105 0.0400463 0.0136453 2.64299 -0.0396884 0.998885 -0.0255623 -0.0426341 -0.0146537 0.0249978 0.99958 1.3697
0.999123 0.0387149 0.0159407 3.534 -0.0382937 0.99893 -0.0259303 -0.0960606 -0.0169275 0.0252971 0.999537 1.83895
0.999256 0.0340537 0.0181204 4.44675 -0.0336123 0.999144 -0.0241277 -0.141323 -0.0189265 0.0235006 0.999545 2.32283
0.999075 0.0385949 0.0189638 5.38074 -0.0381033 0.998945 -0.0256377 -0.184964 -0.0199333 0.0248914 0.999491 2.81703
0.984766 0.173137 0.0160816 5.67106 -0.170352 0.979179 -0.110404 -0.26053 -0.0348619 0.105983 0.993757 2.9643
0.961835 0.273607 0.00353844 5.84537 -0.267847 0.944074 -0.192309 -0.39093 -0.0559578 0.184022 0.981328 3.03857
0.918238 0.394578 -0.033863 5.98947 -0.390701 0.888589 -0.240339 -0.517072 -0.064742 0.233918 0.970098 3.12907
0.890964 0.45057 -0.0563066 6.57464 -0.446599 0.847125 -0.287973 -0.921707 -0.0820533 0.28172 0.955982 3.44474
0.830114 0.548143 -0.102224 6.69905 -0.547646 0.767012 -0.33433 -1.09499 -0.104854 0.333515 0.936896 3.50756
0.743764 0.654315 -0.136702 6.79812 -0.650366 0.661117 -0.374098 -1.29291 -0.154402 0.367147 0.917259 3.56869
0.65484 0.729783 -0.19647 7.18265 -0.729424 0.542249 -0.417021 -1.91532 -0.1978 0.416392 0.887408 3.79475
0.570501 0.782203 -0.250372 7.23185 -0.780187 0.420907 -0.462759 -2.14003 -0.256588 0.459342 0.850393 3.79992
0.516566 0.80707 -0.286002 7.28226 -0.814796 0.360659 -0.453908 -2.44873 -0.263186 0.467507 0.843902 3.85397
0.447832 0.823068 -0.349293 7.48294 -0.838694 0.25129 -0.483162 -3.1979 -0.309901 0.509325 0.802838 3.96016
0.36199 0.844822 -0.394003 7.47344 -0.864669 0.146382 -0.480542 -3.51802 -0.348298 0.514634 0.78348 3.97194
0.316467 0.850728 -0.419655 7.54199 -0.873363 0.0886326 -0.478938 -4.17653 -0.370251 0.518079 0.771044 4.0181
0.219199 0.852567 -0.474427 7.48041 -0.883872 -0.0324029 -0.466605 -4.39521 -0.413185 0.521612 0.746458 3.986
0.255977 0.872969 -0.415212 7.47837 -0.88729 0.0417085 -0.459322 -5.0494 -0.383655 0.48599 0.785253 4.01979
0.263225 0.871759 -0.413218 7.52016 -0.884866 0.0475216 -0.463415 -6.05426 -0.38435 0.487624 0.783899 4.06249
0.192904 0.852591 -0.485672 7.47497 -0.876684 -0.0725465 -0.475565 -6.38601 -0.440696 0.517519 0.733459 4.02912
0.0952014 0.838696 -0.536214 7.39217 -0.866332 -0.195512 -0.459613 -6.58862 -0.490312 0.508295 0.707976 3.98405
-0.0298419 0.809887 -0.585826 7.29738 -0.829151 -0.347373 -0.437996 -6.78322 -0.558227 0.472668 0.681885 3.93636
-0.128145 0.76413 -0.632206 7.10805 -0.79326 -0.461573 -0.3971 -7.0463 -0.595245 0.450618 0.665302 3.85663
-0.213152 0.696989 -0.68467 6.96801 -0.730334 -0.579153 -0.362206 -7.20212 -0.648983 0.422833 0.632483 3.78339
-0.293233 0.620873 -0.727002 6.80276 -0.653809 -0.685042 -0.321327 -7.32826 -0.69753 0.381097 0.606809 3.68437
-0.338845 0.555461 -0.759373 6.54693 -0.610341 -0.744018 -0.271885 -7.50508 -0.716009 0.371349 0.591127 3.56929
-0.389873 0.447805 -0.804655 6.21173 -0.509915 -0.83259 -0.216287 -7.74713 -0.766802 0.325981 0.552948 3.38273
-0.451113 0.353425 -0.819505 6.02314 -0.423847 -0.892927 -0.151774 -7.79052 -0.785399 0.278878 0.552609 3.29046
-0.483966 0.339469 -0.80656 5.27489 -0.395321 -0.907094 -0.144575 -8.20737 -0.780704 0.248881 0.573201 2.92102
-0.529208 0.180812 -0.829003 5.15471 -0.210034 -0.97454 -0.0784755 -8.22022 -0.822085 0.132589 0.553711 2.85006
-0.562824 0.0809537 -0.822603 5.06254 -0.119445 -0.992712 -0.0159705 -8.20181 -0.817901 0.089267 0.568392 2.81171
-0.561949 0.019707 -0.826937 5.03799 -0.0494205 -0.99873 0.00978283 -8.19918 -0.825694 0.0463651 0.562209 2.81205
-0.567591 0.0433431 -0.822169 5.00351 -0.0712105 -0.997455 -0.00342309 -8.21563 -0.820225 0.0566042 0.569233 2.81138
-0.570564 0.0116041 -0.821171 4.7149 -0.0293035 -0.999551 0.00623574 -8.23058 -0.82073 0.0276211 0.570648 2.65553
-0.488956 -0.0341784 -0.871639 4.28084 -0.05053 -0.996444 0.0674176 -8.19502 -0.870844 0.0770081 0.48549 2.37134
-0.329061 -0.0383478 -0.94353 4.24698 -0.0332595 -0.998085 0.0521645 -8.19192 -0.943723 0.0485466 0.327156 2.23118
-0.333291 -0.0182939 -0.942647 4.1349 -0.0341601 -0.998921 0.031464 -8.22018 -0.942205 0.0426876 0.332306 2.16352
-0.156591 -0.0323728 -0.987133 4.04446 -0.0177814 -0.999208 0.0355895 -8.21231 -0.987503 0.0231256 0.155892 1.93136
-0.128898 -0.0544991 -0.990159 3.90342 0.00330654 -0.998507 0.0545281 -8.20428 -0.991652 0.00375454 0.128885 1.75721
0.0737826 -0.0170921 -0.997128 3.86008 0.0247093 -0.999515 0.0189614 -8.20679 -0.996968 -0.0260374 -0.0733244 1.51858
-0.132346 -0.0543512 -0.989712 3.79706 0.027238 -0.998318 0.0511814 -8.1638 -0.990829 -0.0201842 0.133604 1.36337
-0.0552338 -0.0158036 -0.998348 3.70657 0.0413016 -0.999055 0.0135298 -8.21059 -0.997619 -0.040486 0.0558344 1.36602
0.0182236 -0.0265824 -0.999481 3.68778 -0.0191233 -0.999473 0.0262336 -8.21758 -0.999651 0.0186353 -0.0187224 1.1553
-0.0980891 -0.0566033 -0.993567 3.66951 -0.0255753 -0.997908 0.0593755 -8.1863 -0.994849 0.0312348 0.0964363 1.14765
-0.0310882 -0.00920598 -0.999474 3.52321 0.0232751 -0.999693 0.00848403 -8.2214 -0.999246 -0.0229991 0.031293 1.05741
-0.0189826 0.0348458 -0.999212 3.5007 -0.0491457 -0.998217 -0.0338775 -8.23043 -0.998611 0.0484639 0.0206613 0.811789
-0.138244 0.0772464 -0.987381 3.45887 -0.0586587 -0.995842 -0.0696954 -8.23334 -0.98866 0.0482835 0.1422 0.790073
0.00883886 0.00995431 -0.999911 3.36583 -0.0467175 -0.998854 -0.0103568 -8.21512 -0.998869 0.0468049 -0.00836369 0.648961
-0.144254 0.0169389 -0.989396 3.28511 -0.0441974 -0.998966 -0.0106588 -8.1999 -0.988553 0.0421911 0.144853 0.484944
3.92245e-06 -0.0826394 -0.99658 3.2211 -0.0657739 -0.994421 0.0824602 -8.14051 -0.997835 0.0655486 -0.00543942 0.423272
-0.0683755 -0.0224352 -0.997407 3.14648 -0.0414323 -0.998821 0.0253073 -8.15224 -0.996799 0.0430553 0.0673653 0.342039
-0.101385 -0.0474633 -0.993714 3.04761 -0.0054085 -0.99882 0.048259 -8.16914 -0.994833 0.0102673 0.101009 0.298553
0.0134325 -0.0512857 -0.998594 3.01466 -0.000982909 -0.998684 0.0512771 -8.18291 -0.999909 0.000292749 -0.0134652 0.0505151
-0.135835 -0.0552974 -0.989187 2.97049 0.0148656 -0.998443 0.0537735 -8.15387 -0.99062 -0.00740054 0.136446 -0.0177037
0.0310295 -0.0411097 -0.998673 2.85435 0.0289137 -0.998699 0.0420092 -8.15092 -0.9991 -0.0301789 -0.0298005 -0.206761
-0.150722 -0.0645791 -0.986465 2.81363 0.0267884 -0.997764 0.0612258 -8.11934 -0.988213 -0.0171977 0.152115 -0.271208
0.00377351 -0.0175701 -0.999839 2.71276 0.0400147 -0.999042 0.0177071 -8.16863 -0.999192 -0.0400751 -0.00306684 -0.376834
-0.143996 -0.0504886 -0.988289 2.63173 0.0274536 -0.998517 0.0470111 -8.13499 -0.989197 -0.0203627 0.145169 -0.538457
0.00812426 -0.0987695 -0.995077 2.52444 0.00429502 -0.995097 0.0988066 -8.12761 -0.999958 -0.00507661 -0.00766021 -0.718293
-0.122794 -0.0520028 -0.991069 2.46759 0.0155397 -0.998605 0.0504728 -8.09387 -0.992311 -0.00920321 0.12343 -0.825992
0.00883308 -0.0961295 -0.99533 2.36164 0.0152268 -0.99524 0.096256 -8.10488 -0.999845 -0.0160059 -0.00732729 -0.994452
-0.128086 -0.073466 -0.989038 2.31963 0.0491342 -0.996498 0.0676569 -8.075 -0.990545 -0.0399296 0.131248 -1.08918
0.040307 -0.0415012 -0.998325 2.18469 0.0495902 -0.997823 0.0434825 -8.08993 -0.997956 -0.0512597 -0.0381612 -1.23334
-0.122526 -0.103589 -0.987044 2.14574 0.0400788 -0.994243 0.0993692 -8.04257 -0.991656 -0.0273842 0.125972 -1.35175
-0.338929 -0.115279 -0.933723 1.90282 0.0667071 -0.992911 0.0983728 -8.01073 -0.938444 -0.0289446 0.344216 -1.3469
-0.552615 -0.105289 -0.826759 1.70521 0.0849196 -0.993939 0.0698187 -7.99145 -0.829099 -0.0316252 0.558206 -1.42919
-0.530118 -0.247161 -0.811102 1.52601 0.22849 -0.962829 0.14406 -7.89919 -0.816558 -0.10896 0.566887 -1.49458
-0.453669 -0.447422 -0.770713 1.41424 0.437405 -0.865288 0.244853 -7.7852 -0.776441 -0.226031 0.588259 -1.54462
-0.404729 -0.544068 -0.734973 1.37853 0.505701 -0.802823 0.315819 -7.70704 -0.76188 -0.243855 0.600061 -1.56245
-0.335894 -0.633614 -0.696928 1.35589 0.602618 -0.713227 0.357992 -7.64132 -0.723897 -0.299734 0.621396 -1.57362
-0.210721 -0.766601 -0.606564 1.33221 0.730908 -0.535591 0.422985 -7.52946 -0.649131 -0.35421 0.673175 -1.59381
-0.111494 -0.814909 -0.568765 1.32542 0.788049 -0.421185 0.44898 -7.48654 -0.605432 -0.398155 0.689147 -1.59777
0.0838407 -0.87766 -0.471893 1.34087 0.868108 -0.168174 0.467018 -7.39463 -0.489243 -0.448809 0.747805 -1.59247
0.170824 -0.896588 -0.408594 1.38138 0.866151 -0.0610321 0.496042 -7.33674 -0.469683 -0.43864 0.766155 -1.58609
0.26929 -0.901218 -0.339543 1.41591 0.87795 0.0848168 0.471179 -7.2451 -0.395836 -0.424986 0.814065 -1.56832
0.286291 -0.896097 -0.339187 1.46459 0.876855 0.10234 0.469736 -6.29755 -0.386217 -0.431899 0.815046 -1.53094
0.461362 -0.85067 -0.252003 1.53446 0.830851 0.314636 0.45901 -6.15974 -0.311177 -0.421147 0.851941 -1.50937
0.565333 -0.798135 -0.208278 1.58821 0.786764 0.445897 0.426823 -6.10845 -0.247791 -0.405163 0.880024 -1.48758
0.722842 -0.683109 -0.104222 1.71397 0.666895 0.650131 0.364117 -6.03125 -0.180974 -0.332704 0.925503 -1.42796
0.789111 -0.60993 -0.0727232 1.77428 0.599724 0.739436 0.305885 -6.01091 -0.132794 -0.284991 0.949287 -1.39985
0.903874 -0.426994 -0.0262379 1.87693 0.422012 0.879915 0.218303 -5.99026 -0.0701269 -0.208391 0.975528 -1.3354
0.943837 -0.330402 0.00237465 1.93525 0.325627 0.931366 0.162862 -5.98203 -0.0560215 -0.152942 0.986646 -1.30331
0.971943 -0.233422 0.0290077 2.00087 0.230126 0.969166 0.0880842 -6.0031 -0.0486741 -0.0789374 0.995691 -1.27229
0.990746 -0.135615 0.00563249 2.18206 0.135159 0.989521 0.050806 -5.99392 -0.0124635 -0.0495746 0.998693 -1.14846
0.999915 -0.00799579 0.0102803 2.25415 0.00797132 0.999965 0.00241848 -6.00802 -0.0102993 -0.00233632 0.999944 -1.11199
0.999034 -0.0395978 0.0190684 2.56287 0.0401865 0.998694 -0.0315446 -6.01602 -0.0177944 0.0322804 0.99932 -0.9593
0.993392 2.82579e-05 0.11477 2.70795 0.0108647 0.995486 -0.0942844 -6.07186 -0.114255 0.0949083 0.988908 -0.948915
0.96656 0.0302842 0.254644 2.83991 -0.0433447 0.998008 0.0458338 -6.07366 -0.252749 -0.0553386 0.965948 -1.00946
0.977597 -0.00158892 0.210479 3.01328 0.00923625 0.999332 -0.0353549 -6.02855 -0.210283 0.0365069 0.976959 -0.962748
0.930482 0.0216823 0.365696 3.117 -0.000354063 0.9983 -0.0582888 -6.07723 -0.366338 0.0541072 0.928907 -0.983717
0.902384 0.0456371 0.428509 3.41766 -0.022619 0.998022 -0.0586587 -6.07749 -0.430339 0.0432402 0.901631 -0.971611
0.829175 0.0656405 0.555121 3.58778 -0.0437875 0.997657 -0.0525636 -6.09864 -0.557271 0.0192771 0.830107 -1.05455
0.899344 0.0867802 0.428543 3.77149 -0.0512371 0.99427 -0.0938137 -6.12587 -0.434229 0.0624135 0.898638 -1.05526
0.818581 0.100369 0.565553 3.93793 -0.0284735 0.990495 -0.134571 -6.11608 -0.573684 0.0940537 0.813659 -1.08503
0.90015 0.100668 0.423787 4.03395 -0.0611897 0.992504 -0.105792 -6.18469 -0.43126 0.0692973 0.899563 -1.05639
0.842104 0.0858366 0.532441 4.14091 -0.0620796 0.996118 -0.0624031 -6.16378 -0.53573 0.0194962 0.844164 -1.06718
0.878143 0.0987029 0.468106 4.35489 -0.0509595 0.992217 -0.113617 -6.1784 -0.475677 0.0759177 0.876338 -1.09906
0.828247 0.0584074 0.557311 4.47724 -0.0547179 0.99823 -0.0232978 -6.13369 -0.557686 -0.0111986 0.829977 -1.07101
0.830232 0.079213 0.551761 4.60853 -0.026193 0.994302 -0.103334 -6.17872 -0.556802 0.0713386 0.827576 -1.09972
0.90034 0.0743841 0.428783 4.58507 -0.0339839 0.994293 -0.101129 -6.19902 -0.433859 0.076479 0.897729 -1.0468
0.859698 0.0631023 0.50689 4.73519 -0.0531351 0.998004 -0.0341223 -6.14697 -0.508032 0.0024012 0.861335 -1.06156
0.821927 0.0657188 0.565789 4.95998 -0.0335039 0.99718 -0.0671553 -6.1655 -0.568607 0.0362406 0.821811 -1.16048
0.898078 0.0784121 0.432789 4.98286 -0.0453272 0.995241 -0.0862583 -6.19663 -0.437493 0.0578496 0.897359 -1.11497
0.821278 0.0863092 0.563962 5.1568 -0.0421163 0.994966 -0.0909377 -6.15595 -0.568972 0.0509331 0.820778 -1.13243
0.903387 0.100881 0.416791 5.29002 -0.0646524 0.992866 -0.100182 -6.21223 -0.423924 0.0635565 0.903465 -1.12309
0.839661 0.0938129 0.534947 5.41297 -0.0817201 0.995578 -0.0463241 -6.17536 -0.536928 -0.00481944 0.843614 -1.11265
0.831195 0.103936 0.54618 5.57583 -0.0630511 0.993655 -0.0931354 -6.20219 -0.552395 0.0429764 0.832474 -1.17238
0.900128 0.112018 0.420976 5.59595 -0.074294 0.991691 -0.105024 -6.2368 -0.429243 0.0632595 0.900971 -1.12148
0.800803 0.0930083 0.591662 5.76216 -0.0864592 0.995473 -0.0394659 -6.18423 -0.592654 -0.0195502 0.80522 -1.15028
0.851139 0.101401 0.515054 5.89492 -0.0583312 0.993359 -0.0991731 -6.21355 -0.52169 0.0543664 0.851401 -1.1837
0.887723 0.11714 0.445227 5.93711 -0.085791 0.99224 -0.0900036 -6.24313 -0.452315 0.0417018 0.890883 -1.11484
0.815731 0.129235 0.56381 6.12728 -0.0875384 0.991077 -0.100519 -6.20672 -0.57177 0.0326416 0.819765 -1.18655
0.896431 0.145026 0.418783 6.20874 -0.108842 0.988045 -0.109181 -6.27178 -0.42961 0.0522917 0.901499 -1.15232
0.807258 0.117452 0.578394 6.38409 -0.10823 0.99284 -0.0505561 -6.22928 -0.580191 -0.0217876 0.814189 -1.18062
0.89532 0.139855 0.422898 6.52496 -0.109017 0.989356 -0.0963845 -6.26142 -0.431877 0.0401919 0.901037 -1.18423
0.809644 0.131156 0.572079 6.75208 -0.101299 0.991311 -0.083905 -6.22935 -0.578113 0.00998227 0.815896 -1.21373
0.871255 0.136317 0.471521 6.8461 -0.0915084 0.988929 -0.116815 -6.27534 -0.482225 0.0586274 0.874084 -1.21779
0.963016 0.145194 0.226978 6.98338 -0.115803 0.983653 -0.1379 -6.32295 -0.24329 0.106515 0.964087 -1.04568
0.957469 0.206335 0.20169 7.10406 -0.180311 0.97359 -0.140036 -6.38302 -0.225257 0.0977129 0.969387 -0.979354
0.917464 0.389299 0.0818893 7.13561 -0.371453 0.912003 -0.173992 -6.42099 -0.142418 0.129213 0.981336 -0.957004
0.908207 0.418508 0.00325005 7.16738 -0.403885 0.878457 -0.255324 -6.51594 -0.10971 0.230575 0.96685 -0.920545
0.9021 0.427996 -0.0550804 7.29038 -0.426326 0.864183 -0.267272 -6.6361 -0.0667918 0.264588 0.962046 -0.846544
0.820302 0.564572 -0.0914516 7.37646 -0.56245 0.76733 -0.307985 -6.71087 -0.103706 0.304078 0.946986 -0.808789
0.693731 0.703523 -0.15425 7.43309 -0.70397 0.617076 -0.351629 -6.80279 -0.152195 0.352523 0.923344 -0.778703
0.647162 0.739783 -0.184126 7.45616 -0.736347 0.544036 -0.402265 -6.93637 -0.197418 0.395911 0.896817 -0.763278
0.642376 0.74461 -0.181409 7.73986 -0.739505 0.540081 -0.401803 -7.41486 -0.201211 0.392261 0.897578 -0.598059
0.486005 0.830178 -0.273136 7.76196 -0.828165 0.337636 -0.447375 -7.55375 -0.27918 0.443628 0.851618 -0.590768
0.395791 0.854916 -0.335362 7.74678 -0.856323 0.21165 -0.471079 -7.62808 -0.331753 0.473627 0.815854 -0.607853
0.291286 0.875809 -0.384853 7.72034 -0.876573 0.0832464 -0.474014 -7.6914 -0.383108 0.475425 0.791959 -0.604718
0.0981686 0.861254 -0.498603 7.66239 -0.87568 -0.16328 -0.45445 -7.79104 -0.472809 0.481229 0.738154 -0.635044
-0.0798084 0.806966 -0.585181 7.60096 -0.809723 -0.394864 -0.434086 -7.86782 -0.581359 0.439191 0.684933 -0.661963
-0.179927 0.759613 -0.624992 7.56388 -0.762239 -0.509277 -0.399535 -7.89486 -0.621785 0.404506 0.67064 -0.684269
-0.267161 0.663183 -0.699151 7.45394 -0.695065 -0.635141 -0.336867 -7.95067 -0.667465 0.395958 0.630641 -0.729445
-0.37842 0.56512 -0.733102 7.09537 -0.574609 -0.764339 -0.292592 -8.34539 -0.725688 0.310524 0.613964 -0.897047
-0.459782 0.36553 -0.809313 6.96714 -0.401703 -0.898393 -0.177551 -8.35782 -0.791982 0.243469 0.5599 -0.975484
-0.519035 0.261886 -0.813645 6.87229 -0.294625 -0.948385 -0.117309 -8.3669 -0.802371 0.178833 0.569403 -1.00562
-0.544416 0.185679 -0.818006 6.65934 -0.216999 -0.973171 -0.076478 -8.42235 -0.810261 0.135871 0.570102 -1.10987
-0.555486 0.00590631 -0.831505 6.59112 -0.0547996 -0.998061 0.0295195 -8.37137 -0.829718 0.0619638 0.554733 -1.16471
-0.559152 -0.0198202 -0.828828 6.27619 -0.03426 -0.998308 0.0469858 -8.35822 -0.828357 0.0546679 0.557527 -1.3109
-0.395295 -0.0516834 -0.917099 6.1622 -0.0312216 -0.997083 0.0696484 -8.31856 -0.918023 0.056165 0.392529 -1.49245
-0.374988 -0.00823336 -0.926993 6.06631 -0.0302941 -0.999318 0.0211303 -8.36084 -0.926534 0.036006 0.374483 -1.70306
-0.0968583 -0.0138649 -0.995202 5.96917 0.00802677 -0.999881 0.0131489 -8.33274 -0.995266 -0.00671467 0.0969581 -1.91089
-0.145776 -0.0631316 -0.987301 5.76729 0.00974452 -0.998005 0.0623772 -8.33236 -0.98927 -0.000527686 0.1461 -2.09381
-0.00584987 -0.0768223 -0.997028 5.73889 0.00933426 -0.997005 0.0767659 -8.32805 -0.999939 -0.00885744 0.00654943 -2.31238
-0.159322 -0.0943278 -0.98271 5.66601 0.0317397 -0.9954 0.0904 -8.29642 -0.986716 -0.0167882 0.161583 -2.38362
-0.0288809 -0.0882682 -0.995678 5.60566 0.0263929 -0.995814 0.0875146 -8.28419 -0.999234 -0.0237513 0.0310897 -2.47919
-0.164794 -0.107639 -0.980437 5.53543 -0.011472 -0.993751 0.111029 -8.26685 -0.986261 0.0295444 0.162529 -2.61611
-0.0895825 -0.0218552 -0.99574 5.44799 -0.0103791 -0.999684 0.0228755 -8.28816 -0.995925 0.0123842 0.0893274 -2.66592
0.0148985 -0.0816549 -0.996549 5.44379 -0.0368748 -0.996027 0.0810608 -8.30092 -0.999209 0.0355399 -0.0178503 -2.77537
-0.0745623 -0.0352964 -0.996592 5.39561 -0.0495156 -0.99801 0.0390512 -8.27916 -0.995986 0.0522586 0.0726662 -2.84419
-0.145549 -0.0692845 -0.986922 5.28082 -0.00775576 -0.997434 0.0711663 -8.26971 -0.989321 0.0180125 0.144638 -2.83351
0.0128616 -0.0464615 -0.998837 5.25599 0.00504424 -0.998904 0.0465296 -8.27588 -0.999905 -0.00563682 -0.0126131 -3.07705
-0.126615 -0.0657016 -0.989774 5.20763 -0.0153189 -0.997556 0.0681778 -8.23882 -0.991834 0.0237946 0.125299 -3.1916
0.046628 -0.0593354 -0.997149 5.08432 0.0148321 -0.998083 0.0600846 -8.26312 -0.998802 -0.0175915 -0.0456585 -3.27152
-0.155034 -0.0914615 -0.983666 5.02064 0.0258971 -0.995739 0.0885025 -8.20528 -0.98757 -0.0117533 0.156742 -3.42699
-0.0613812 -0.0668965 -0.99587 4.92348 0.0326233 -0.997353 0.0649853 -8.24155 -0.997581 -0.0284997 0.0634011 -3.46318
-0.0214222 -0.0985324 -0.994903 4.88332 0.0113676 -0.995091 0.0983062 -8.23691 -0.999706 -0.0092037 0.0224371 -3.65215
-0.165003 -0.0931458 -0.981885 4.78042 0.0189357 -0.995646 0.0912692 -8.2126 -0.986111 -0.00353297 0.166049 -3.63938
-0.0216802 -0.0529833 -0.99836 4.75203 0.0281394 -0.998231 0.0523654 -8.23544 -0.999369 -0.026958 0.0231328 -3.7627
-0.155177 -0.0644785 -0.98578 4.69206 0.0382419 -0.997512 0.059226 -8.19212 -0.987146 -0.0285076 0.157257 -3.95777
-0.0376702 -0.0306899 -0.998819 4.57566 0.0251028 -0.999242 0.0297561 -8.22181 -0.998975 -0.0239522 0.038412 -4.03645
-0.129516 -0.0031336 -0.991572 4.5055 -0.0528967 -0.998549 0.0100649 -8.21618 -0.990165 0.0537545 0.129162 -4.2084
-0.078329 -0.0216881 -0.996692 4.39848 -0.0103725 -0.999691 0.0225686 -8.20606 -0.996874 0.012106 0.0780799 -4.25685
-0.108975 -0.0334887 -0.99348 4.36012 -0.034119 -0.998717 0.0374078 -8.19186 -0.993459 0.0379731 0.107692 -4.48662
0.0434559 -0.0243346 -0.998759 4.22745 0.00940197 -0.999649 0.0247654 -8.19234 -0.999011 -0.0104665 -0.0432119 -4.6408
-0.0809307 -0.0440365 -0.995746 4.16134 -0.0192079 -0.998769 0.0457313 -8.19605 -0.996535 0.0228273 0.0799852 -4.82429
-0.108695 -0.0720247 -0.991462 4.05602 0.00178126 -0.997384 0.0722596 -8.14339 -0.994074 0.00608823 0.108539 -4.84364
0.0318608 -0.045569 -0.998453 4.04449 0.0159919 -0.998809 0.0460955 -8.15681 -0.999364 -0.0174358 -0.0310941 -4.94073
-0.108624 -0.0649338 -0.99196 4.00518 -0.00456372 -0.997821 0.0658173 -8.14935 -0.994072 0.0116764 0.108091 -5.093
-0.353706 -0.0768653 -0.932193 3.7823 0.00707329 -0.996809 0.0795094 -8.12461 -0.93533 0.0215293 0.353121 -5.00226
-0.544491 -0.079599 -0.834981 3.58978 0.0222221 -0.996506 0.0805062 -8.11046 -0.838472 0.0252799 0.544357 -5.06118
-0.542676 -0.208188 -0.813733 3.3039 0.195891 -0.97345 0.118411 -8.05674 -0.81678 -0.0951445 0.56905 -5.16212
-0.4907 -0.415231 -0.766027 3.23589 0.390077 -0.890815 0.232999 -7.98623 -0.779137 -0.184477 0.599095 -5.18599
-0.375197 -0.581533 -0.721836 3.20146 0.557805 -0.763593 0.325237 -7.88822 -0.740325 -0.280616 0.61088 -5.21
-0.315753 -0.670542 -0.671322 3.19891 0.627241 -0.678384 0.382575 -7.83923 -0.711947 -0.300282 0.634793 -5.2333
-0.242355 -0.745738 -0.620595 3.21721 0.693603 -0.58044 0.426619 -7.77862 -0.678364 -0.327054 0.657919 -5.2461
-0.0669375 -0.847351 -0.526797 3.23542 0.797602 -0.362657 0.481985 -7.66041 -0.599458 -0.387912 0.700125 -5.25558
0.0584247 -0.895701 -0.440801 3.28011 0.840945 -0.193786 0.505231 -7.51502 -0.537957 -0.400207 0.741914 -5.25445
0.148793 -0.896644 -0.417001 3.10497 0.870951 -0.0808742 0.484668 -6.50751 -0.468299 -0.435303 0.7689 -5.25013
0.243859 -0.902191 -0.355786 3.12965 0.864084 0.035556 0.50209 -6.42007 -0.440331 -0.429868 0.78824 -5.23769
0.427033 -0.864476 -0.265187 3.22352 0.837685 0.267781 0.476001 -6.28252 -0.340479 -0.425411 0.83851 -5.20913
0.595424 -0.787797 -0.157625 3.33231 0.760348 0.489187 0.427278 -6.18189 -0.259501 -0.374261 0.890274 -5.16801
0.670662 -0.735172 -0.098661 3.39187 0.70967 0.597244 0.373722 -6.14945 -0.215825 -0.320658 0.922279 -5.14512
0.811582 -0.583161 -0.0354534 3.50615 0.56514 0.768217 0.300764 -6.09799 -0.148158 -0.264131 0.953039 -5.08196
0.881446 -0.472084 -0.0137735 3.67418 0.460792 0.853236 0.244252 -6.02733 -0.103555 -0.221642 0.969614 -4.9875
0.954454 -0.297254 0.0256414 3.76234 0.288377 0.941155 0.176255 -5.99643 -0.0765252 -0.160833 0.98401 -4.94869
0.994425 -0.0980147 0.0388918 3.83894 0.0959222 0.994006 0.0524485 -6.03034 -0.0437994 -0.0484255 0.997866 -4.91354
0.998493 -0.0326564 0.0440976 3.96322 0.0329762 0.999435 -0.00654269 -6.07047 -0.043859 0.007987 0.999006 -4.82224
0.997277 -0.00648657 0.0734561 4.45731 0.0102692 0.998634 -0.0512351 -6.08645 -0.0730234 0.05185 0.995982 -4.60245
0.963729 -0.00623019 0.266809 4.71893 0.00511931 0.999975 0.00485893 -6.09289 -0.266832 -0.00331681 0.963737 -4.63157
0.953272 -0.00234326 0.302106 4.93888 0.0174971 0.99872 -0.0474643 -6.09071 -0.301608 0.0505324 0.952092 -4.63936
0.875243 0.0167751 0.483393 5.05851 -0.0264364 0.999564 0.0131789 -6.09913 -0.482961 -0.0243139 0.875304 -4.71783
0.903431 0.111364 0.414018 5.22156 -0.0751747 0.991862 -0.102755 -6.0933 -0.422091 0.0617085 0.904451 -4.76173
0.808846 0.163069 0.564957 5.39849 -0.116872 0.986192 -0.117328 -6.14746 -0.576289 0.0288725 0.816736 -4.74313
0.883644 0.175359 0.434077 5.59508 -0.115955 0.980288 -0.15997 -6.18648 -0.453573 0.0910233 0.886559 -4.76655
0.809979 0.169551 0.561415 5.7874 -0.122613 0.985099 -0.120607 -6.16373 -0.573498 0.0288518 0.818699 -4.80188
0.881756 0.174614 0.438196 5.8904 -0.11248 0.979997 -0.164175 -6.20691 -0.458098 0.0954738 0.88376 -4.76072
0.837173 0.133057 0.530506 5.99355 -0.111614 0.991107 -0.0724471 -6.21128 -0.535428 0.00143869 0.84458 -4.75462
0.885185 0.111829 0.451599 6.17273 -0.065909 0.991034 -0.11622 -6.20703 -0.460547 0.0731117 0.884619 -4.77703
0.843185 0.0813178 0.531439 6.28624 -0.0924142 0.995704 -0.00573205 -6.15421 -0.529622 -0.0442793 0.847077 -4.75112
0.878503 0.0394067 0.476108 6.47786 -0.0161418 0.998472 -0.0528574 -6.17734 -0.477464 0.0387501 0.877797 -4.78077
0.835926 0.0779407 0.54328 6.62385 -0.0688939 0.996937 -0.0370191 -6.18916 -0.544502 -0.00648351 0.838735 -4.75562
0.898929 0.0882056 0.429124 6.81679 -0.0674482 0.995708 -0.0633756 -6.22978 -0.432872 0.0280265 0.90102 -4.80108
0.809634 0.0862705 0.58056 6.98316 -0.0994948 0.994996 -0.00910239 -6.17644 -0.578441 -0.0503931 0.814166 -4.80661
0.860673 0.0826565 0.502405 7.12989 -0.0523253 0.995869 -0.0742034 -6.20527 -0.506463 0.0375763 0.861443 -4.83605
0.890107 0.10522 0.44344 7.18898 -0.087203 0.994328 -0.0608946 -6.23256 -0.447332 0.0155334 0.894233 -4.78155
0.83126 0.112817 0.544315 7.38998 -0.0621347 0.99191 -0.110697 -6.22598 -0.5524 0.0581971 0.831545 -4.85625
0.901354 0.117353 0.41688 7.46868 -0.0859107 0.991908 -0.0934738 -6.26821 -0.424476 0.0484386 0.904142 -4.83083
0.824978 0.112396 0.553876 7.62064 -0.106903 0.993367 -0.0423533 -6.24991 -0.554962 -0.0242702 0.831521 -4.83709
0.859928 0.116473 0.496948 7.75796 -0.0728429 0.991655 -0.106372 -6.27565 -0.50519 0.0552731 0.861236 -4.86093
0.888333 0.132227 0.43975 7.81183 -0.101948 0.990536 -0.0918972 -6.29084 -0.44774 0.0368035 0.893406 -4.80549
0.815444 0.138637 0.561989 8.01037 -0.102381 0.990131 -0.0957012 -6.26517 -0.56971 0.0205021 0.82159 -4.88029
0.89163 0.144595 0.429055 8.07121 -0.118723 0.989141 -0.0866274 -6.31078 -0.436921 0.0263011 0.899115 -4.86894
0.80318 0.129721 0.581441 8.24184 -0.13291 0.990423 -0.037369 -6.27394 -0.580721 -0.0472652 0.81273 -4.86975
0.857386 0.131268 0.497653 8.40243 -0.0944753 0.990639 -0.0985378 -6.29817 -0.505929 0.037469 0.861761 -4.8969
0.88575 0.15215 0.438517 8.44183 -0.12517 0.988046 -0.0899896 -6.3411 -0.446966 0.0248193 0.894206 -4.84242
0.830923 0.136873 0.539289 8.61836 -0.109269 0.990537 -0.0830413 -6.31177 -0.545552 0.0100734 0.838017 -4.90849
0.896294 0.142246 0.420027 8.69948 -0.102684 0.987989 -0.115475 -6.34924 -0.431408 0.0603695 0.900135 -4.89638
0.879032 0.298096 0.372078 8.76565 -0.235164 0.949979 -0.205518 -6.40831 -0.414731 0.0931572 0.905163 -4.76361
0.89278 0.352585 0.280404 8.79711 -0.287285 0.925052 -0.248489 -6.48274 -0.347002 0.14129 0.927161 -4.74317
0.924453 0.332057 0.187419 8.87154 -0.271168 0.918098 -0.289074 -6.57782 -0.268058 0.216413 0.938781 -4.70289
0.917149 0.380442 0.118752 8.96124 -0.349267 0.910758 -0.220299 -6.57877 -0.191965 0.160571 0.968177 -4.6355
0.916054 0.401039 -0.00360181 9.10834 -0.390572 0.890033 -0.23515 -6.69228 -0.0910984 0.216817 0.971952 -4.5237
0.842235 0.536404 -0.0539536 9.19204 -0.526181 0.796122 -0.29887 -6.80615 -0.117362 0.280108 0.952767 -4.48292
0.728123 0.670811 -0.140885 9.24457 -0.665647 0.642951 -0.378851 -6.95734 -0.163555 0.36963 0.914671 -4.45393
0.680322 0.71253 -0.171649 9.41879 -0.711589 0.586072 -0.387506 -7.24767 -0.175511 0.385773 0.905746 -4.34287
0.589169 0.780209 -0.210128 9.55109 -0.778085 0.477709 -0.407894 -7.53817 -0.217863 0.403816 0.88852 -4.26337
0.39751 0.865074 -0.305996 9.56192 -0.862451 0.238369 -0.446496 -7.67909 -0.313312 0.441393 0.840838 -4.26065
0.2218 0.880956 -0.417998 9.52134 -0.878706 -0.0052529 -0.477334 -7.82349 -0.422705 0.47317 0.772936 -4.2926
0.0657695 0.834786 -0.546632 9.43701 -0.856855 -0.233483 -0.459657 -7.95669 -0.511345 0.498616 0.699935 -4.33929
-0.059793 0.817664 -0.572582 9.3162 -0.837347 -0.353338 -0.417135 -8.14102 -0.543391 0.454509 0.705796 -4.37539
-0.202006 0.746691 -0.633756 9.24653 -0.748986 -0.53472 -0.391272 -8.21822 -0.631041 0.395635 0.667278 -4.41614
-0.336685 0.601658 -0.724328 9.11979 -0.608585 -0.726022 -0.320181 -8.26182 -0.718518 0.333015 0.610601 -4.50052
-0.391283 0.490777 -0.778483 8.99066 -0.539362 -0.807709 -0.238107 -8.3119 -0.745645 0.326716 0.58075 -4.56467
-0.453254 0.426614 -0.782662 8.63652 -0.456611 -0.865208 -0.207177 -8.56776 -0.76555 0.263468 0.586956 -4.72189
-0.488531 0.332254 -0.806812 8.57296 -0.349191 -0.921835 -0.168184 -8.58326 -0.799627 0.199568 0.566365 -4.75628
-0.537715 0.113611 -0.835437 8.45308 -0.149803 -0.987988 -0.0379377 -8.56351 -0.829712 0.104752 0.548275 -4.83136
-0.572507 0.0413623 -0.818856 8.24234 -0.0863493 -0.996214 0.0100505 -8.55787 -0.81534 0.0764616 0.573911 -4.90282
-0.557851 -0.00946235 -0.829887 8.15764 -0.0421327 -0.998323 0.0397045 -8.55525 -0.828871 0.0571145 0.556516 -4.94015
-0.444595 -0.0433945 -0.89468 8.0635 -0.055283 -0.995592 0.075761 -8.51895 -0.894024 0.0831436 0.440236 -5.05873
-0.331942 0.0455341 -0.9422 8.00361 -0.00641617 -0.99892 -0.0460148 -8.53888 -0.943278 -0.00922895 0.331876 -5.19745
-0.365658 0.0133068 -0.930654 7.88183 -0.0622632 -0.998008 0.0101937 -8.56552 -0.928664 0.0616729 0.365758 -5.3192
-0.283688 -0.0755402 -0.955937 7.84758 -0.0558601 -0.993898 0.0951172 -8.50136 -0.957288 0.0803823 0.277737 -5.35894
-0.142946 -0.154841 -0.977543 7.83423 -0.0133086 -0.987296 0.158332 -8.4617 -0.989641 0.0356427 0.13907 -5.46893
-0.13502 -0.216478 -0.966906 7.78225 0.115651 -0.972615 0.201607 -8.44522 -0.98407 -0.0846023 0.156358 -5.60661
-0.183041 -0.0795838 -0.979879 7.70206 0.0265845 -0.996754 0.0759884 -8.51365 -0.982746 -0.0121406 0.184563 -5.57603
-0.173269 0.0789698 -0.981703 7.69723 -0.0855641 -0.994218 -0.0648746 -8.58496 -0.981151 0.0727578 0.179024 -5.56997
-0.0519503 0.14568 -0.987967 7.6536 -0.0658617 -0.987649 -0.14217 -8.6393 -0.996475 0.0576834 0.0609034 -5.7297
-0.10139 0.071199 -0.992296 7.60149 -0.0860284 -0.994327 -0.0625546 -8.60243 -0.99112 0.0790232 0.10694 -5.93297
-0.1508 -0.0680626 -0.986218 7.51444 0.0312783 -0.997456 0.0640555 -8.52755 -0.988069 -0.0211877 0.152545 -5.97237
-0.00160592 -0.0614374 -0.99811 7.46394 0.0368342 -0.997437 0.0613368 -8.52681 -0.99932 -0.0366661 0.0038648 -6.09388
-0.127552 -0.102444 -0.986527 7.40138 0.0289122 -0.994613 0.0995459 -8.46209 -0.99141 -0.0158254 0.129826 -6.21536
-0.0342893 0.00332015 -0.999406 7.2875 -0.0176468 -0.999841 -0.00271613 -8.51966 -0.999256 0.0175432 0.0343425 -6.31137
-0.130537 -0.0214853 -0.991211 7.25497 -0.0455382 -0.99858 0.0276422 -8.46808 -0.990397 0.0487463 0.129373 -6.46098
0.015016 -0.0226538 -0.999631 7.11354 -0.0112386 -0.999684 0.0224862 -8.49044 -0.999824 0.0108968 -0.0152659 -6.62401
-0.0886972 0.00359408 -0.996052 7.06956 -0.0550397 -0.998483 0.00129837 -8.50269 -0.994537 0.0549376 0.0887605 -6.84509
-0.0713009 -0.0144546 -0.99735 6.93281 -0.0251519 -0.999551 0.0162846 -8.46378 -0.997138 0.0262463 0.0709053 -6.8896
-0.134646 -0.00823426 -0.99086 6.85931 -0.0318117 -0.999414 0.0126282 -8.4687 -0.990383 0.0332213 0.134305 -7.13499
0.0176514 -0.0287886 -0.99943 6.7533 -0.000827642 -0.999585 0.0287785 -8.46219 -0.999844 0.00031919 -0.0176679 -7.22451
-0.158824 -0.0294036 -0.986869 6.6777 0.0148817 -0.999514 0.0273854 -8.44528 -0.987195 -0.0103368 0.159184 -7.39657
-0.0180905 -0.0682905 -0.997501 6.55642 0.0152564 -0.997567 0.0680183 -8.43892 -0.99972 -0.0139878 0.0190883 -7.534
-0.163111 -0.0644952 -0.984497 6.49751 0.0165838 -0.997899 0.0626256 -8.41737 -0.986468 -0.00611173 0.163838 -7.65166
0.0708669 -0.0530423 -0.996074 6.4032 0.0331046 -0.99791 0.0554953 -8.43171 -0.996936 -0.0369075 -0.0689628 -7.7638
-0.101846 -0.0872362 -0.990968 6.34624 0.017383 -0.996152 0.085906 -8.40189 -0.994648 -0.00847681 0.102971 -7.87153
-0.0248167 -0.0486918 -0.998506 6.26083 0.0455986 -0.997829 0.0475255 -8.41107 -0.998652 -0.044351 0.0269831 -7.96172
-0.149795 -0.119867 -0.981424 6.18094 0.0376184 -0.992596 0.11549 -8.35996 -0.988001 -0.0196198 0.153195 -8.12648
0.0258692 -0.099395 -0.994712 6.0636 0.0320121 -0.994452 0.100202 -8.38581 -0.999153 -0.0344349 -0.0225438 -8.30957
-0.143325 -0.0734426 -0.986947 6.00933 0.0374318 -0.996931 0.0687498 -8.38114 -0.988968 -0.0270897 0.145634 -8.42711
-0.023872 -0.0356624 -0.999079 5.88511 0.050848 -0.998113 0.034413 -8.37853 -0.998421 -0.0499797 0.0256403 -8.5079
-0.0673884 -0.0899535 -0.993664 5.8529 0.0200159 -0.995849 0.0887939 -8.36909 -0.997526 -0.0139054 0.0689091 -8.65383
-0.191563 -0.106968 -0.975634 5.66216 0.0501455 -0.993812 0.0991153 -8.32058 -0.980198 -0.0299368 0.195742 -8.63384
-0.35699 -0.11253 -0.927305 5.62106 0.0738527 -0.99301 0.0920723 -8.32017 -0.931184 -0.0356151 0.362805 -8.63478
-0.566772 -0.110013 -0.816497 5.46863 0.104919 -0.992614 0.0609131 -8.29538 -0.817167 -0.051142 0.574128 -8.73285
-0.531143 -0.218199 -0.818704 5.43459 0.191649 -0.972167 0.134765 -8.22897 -0.825323 -0.0853247 0.558177 -8.74664
-0.502069 -0.328002 -0.800213 5.40128 0.287761 -0.935923 0.203082 -8.17545 -0.815549 -0.128309 0.564284 -8.76755
-0.417277 -0.531647 -0.737043 5.32034 0.488809 -0.815016 0.311151 -8.06032 -0.766124 -0.230436 0.599961 -8.7963
-0.379913 -0.604997 -0.699746 5.2051 0.560502 -0.752339 0.346156 -7.93133 -0.735869 -0.2607 0.624926 -8.82518
-0.25432 -0.701661 -0.665578 5.05899 0.684911 -0.616555 0.388273 -7.78389 -0.682802 -0.357116 0.637377 -8.9168
-0.100052 -0.805287 -0.584382 5.05355 0.795818 -0.417297 0.43879 -7.68648 -0.597213 -0.421161 0.682613 -8.91523
-0.0552145 -0.853992 -0.517349 5.06611 0.811211 -0.340459 0.475421 -7.48393 -0.582141 -0.393429 0.711566 -8.91236
0.111389 -0.88418 -0.453671 5.01657 0.858666 -0.144186 0.491837 -7.2429 -0.500286 -0.444337 0.743154 -8.95758
0.208338 -0.888664 -0.408499 5.02503 0.876533 -0.0156508 0.481088 -7.19062 -0.433919 -0.458292 0.775683 -8.94961
0.289802 -0.899813 -0.326114 5.06515 0.857279 0.0925474 0.506466 -7.12173 -0.425544 -0.426346 0.798211 -8.9372
0.330091 -0.89411 -0.302666 5.12304 0.86021 0.152898 0.486477 -6.7635 -0.388687 -0.420938 0.819593 -8.85873
0.412064 -0.888141 -0.20349 5.2223 0.841178 0.284979 0.459571 -6.53894 -0.350174 -0.360544 0.864515 -8.81637
0.512814 -0.836485 -0.193169 5.26056 0.812275 0.399923 0.424583 -6.49191 -0.277904 -0.374638 0.884542 -8.79279
0.619275 -0.769135 -0.157889 5.30778 0.750794 0.52121 0.40577 -6.45156 -0.229798 -0.369825 0.900234 -8.76594
0.766212 -0.640099 -0.0565036 5.41092 0.617707 0.70946 0.339271 -6.40553 -0.17708 -0.294856 0.93899 -8.70936
0.862627 -0.505291 -0.0235568 5.51528 0.491761 0.826798 0.273088 -6.36471 -0.118512 -0.247158 0.961701 -8.63043
0.918198 -0.396093 0.00471485 5.74713 0.387947 0.901593 0.191382 -6.22308 -0.080056 -0.173898 0.981504 -8.51414
0.98083 -0.194839 0.00330586 5.80049 0.192629 0.971989 0.134654 -6.20607 -0.029449 -0.131435 0.990887 -8.49959
0.98775 -0.149945 0.0432014 5.91138 0.147378 0.987408 0.0574971 -6.25297 -0.0512788 -0.0504258 0.997411 -8.44606
0.999022 0.00680339 0.0436795 6.13631 -0.0061307 0.999861 -0.0155162 -6.26582 -0.0437789 0.0152332 0.998925 -8.31968
0.993838 0.109918 0.0142792 6.22461 -0.108499 0.991071 -0.0775009 -6.31749 -0.0226704 0.0754741 0.99689 -8.28453
0.983927 0.0416786 0.173638 6.42195 -0.0329951 0.99807 -0.0526001 -6.30236 -0.175495 0.0460255 0.983404 -8.27797
0.971398 0.0209833 0.236529 6.69457 -0.00996707 0.998813 -0.0476744 -6.30502 -0.237248 0.0439533 0.970454 -8.258
0.92096 0.0353211 0.388054 6.80238 -0.0101546 0.99772 -0.0667141 -6.33436 -0.389525 0.0575005 0.919219 -8.26724
0.907471 0.0562723 0.41633 7.12803 -0.0387449 0.997975 -0.0504372 -6.29223 -0.418325 0.0296396 0.907814 -8.38903
0.820233 0.0456296 0.570207 7.28036 -0.0514563 0.998658 -0.00589641 -6.30771 -0.569711 -0.0245044 0.82148 -8.36189
0.90223 0.0791531 0.423928 7.46461 -0.0639089 0.996698 -0.0500821 -6.33509 -0.426493 0.0180928 0.90431 -8.35823
0.834523 0.0777803 0.545455 7.59076 -0.0541488 0.996771 -0.0592914 -6.33563 -0.548306 0.0199443 0.83604 -8.38264
0.913195 0.0414239 0.405411 7.72929 -0.0198928 0.998166 -0.0571813 -6.38967 -0.407036 0.0441529 0.912344 -8.36621
0.790232 0.017572 0.612556 7.92222 -0.0185355 0.999817 -0.00476913 -6.35624 -0.612528 -0.00758534 0.790413 -8.40781
0.857554 0.0379989 0.512988 8.07746 -0.0138143 0.998609 -0.0508776 -6.39674 -0.514208 0.0365437 0.856887 -8.391
0.850268 0.0531535 0.523659 8.18497 -0.0378097 0.998486 -0.0399584 -6.37389 -0.52499 0.0141759 0.850991 -8.36385
0.838706 0.0522718 0.54207 8.37436 -0.0177607 0.997479 -0.0687071 -6.38926 -0.544294 0.0479975 0.83752 -8.42096
0.897474 0.0122032 0.440898 8.42228 -0.00115258 0.999679 -0.025323 -6.3996 -0.441066 0.0222186 0.8972 -8.36918
0.787519 0.0183156 0.616018 8.57623 -0.0200788 0.99979 -0.00405722 -6.39147 -0.615963 -0.00917381 0.787721 -8.4399
0.856344 0.0324265 0.515387 8.70214 -0.0120573 0.99901 -0.0428206 -6.43951 -0.516265 0.030455 0.855887 -8.43376
0.879684 0.0401704 0.473859 8.74144 -0.0278669 0.999068 -0.032961 -6.39973 -0.474741 0.0157903 0.879984 -8.3662
0.817816 0.00670253 0.575441 8.92101 -0.00886075 0.99996 0.000945693 -6.36809 -0.575412 -0.00587224 0.817842 -8.45662
0.890855 0.0238332 0.453663 9.02759 -0.00602837 0.999155 -0.0406527 -6.43939 -0.454248 0.0334808 0.890246 -8.43631
0.838733 0.0317629 0.543615 9.11609 -0.0239689 0.999483 -0.0214178 -6.4135 -0.544015 0.00493395 0.839061 -8.40395
0.817278 0.0410143 0.574783 9.28283 -0.020878 0.998916 -0.0415927 -6.4393 -0.575866 0.0219925 0.817248 -8.43959
0.895343 0.0546134 0.442017 9.33319 -0.0263733 0.997213 -0.0697894 -6.45666 -0.444597 0.0508279 0.894288 -8.42262
0.808157 0.0607182 0.585828 9.51925 -0.0102055 0.995966 -0.0891484 -6.44287 -0.588878 0.0660672 0.805517 -8.48584
0.889035 0.0518687 0.454891 9.62075 -0.0265106 0.997727 -0.0619532 -6.49891 -0.45707 0.0430192 0.88839 -8.49755
0.838627 0.0691659 0.540298 9.76999 -0.0568857 0.997602 -0.0394119 -6.4708 -0.541728 0.00231669 0.840551 -8.4585
0.846568 0.0611539 0.528755 9.96101 -0.0336491 0.99754 -0.0614976 -6.47371 -0.531215 0.0342698 0.846544 -8.51931
0.851842 0.0785532 0.517875 10.0696 -0.0580223 0.996757 -0.0557521 -6.5015 -0.520576 0.0174437 0.853637 -8.46974
0.827719 0.0495746 0.558949 10.2611 -0.0221047 0.998197 -0.0557991 -6.48016 -0.560707 0.0338306 0.827323 -8.53753
0.885994 0.0013374 0.463695 10.2937 0.00897294 0.999759 -0.0200284 -6.4838 -0.46361 0.0219057 0.885768 -8.52946
0.801449 0.004928 0.598042 10.4382 -0.0171741 0.999743 0.0147773 -6.47988 -0.597816 -0.0221141 0.801328 -8.52065
0.893631 0.0207199 0.448324 10.5655 -0.0221541 0.999752 -0.00204561 -6.53702 -0.448255 -0.0081042 0.893869 -8.51292
0.967818 0.0171936 0.251064 10.7083 -0.00573394 0.998911 -0.0463048 -6.5189 -0.251587 0.0433751 0.966862 -8.34321
0.998569 0.01844 0.0501906 10.8677 -0.0162429 0.998907 -0.043836 -6.54225 -0.050944 0.0429581 0.997777 -8.25578
0.993752 0.110595 0.0150343 11.1445 -0.109034 0.990733 -0.0809861 -6.56833 -0.0238516 0.0788409 0.996602 -8.08946
0.979305 0.201377 0.0202273 11.3053 -0.1979 0.973719 -0.112723 -6.60686 -0.0423954 0.106387 0.993421 -7.98867
0.94754 0.319629 0.0023775 11.3994 -0.313946 0.93204 -0.180938 -6.67847 -0.060049 0.1707 0.983492 -7.95105
0.947606 0.319441 -0.000118758 12.2316 -0.314332 0.932383 -0.178489 -7.03716 -0.056906 0.169174 0.983942 -7.52528
0.904285 0.42661 -0.016504 12.3327 -0.41899 0.879383 -0.226126 -7.10134 -0.0819545 0.211398 0.973958 -7.48096
0.877602 0.476182 -0.055366 12.6734 -0.471399 0.836197 -0.280283 -7.35401 -0.087169 0.272076 0.958319 -7.30151
0.760893 0.636811 -0.124549 12.6995 -0.632792 0.685761 -0.359592 -7.42741 -0.143581 0.352425 0.92476 -7.29022
0.630397 0.755338 -0.179067 12.7033 -0.749793 0.532736 -0.392433 -7.47718 -0.201024 0.381651 0.902182 -7.28096
0.629594 0.755949 -0.179313 13.1534 -0.745901 0.523566 -0.411716 -8.40742 -0.217354 0.392964 0.893497 -7.04427
0.723009 0.68194 -0.110522 13.373 -0.67201 0.657149 -0.341406 -8.68616 -0.160189 0.321112 0.933395 -6.93109
0.826109 0.562284 -0.0371488 13.5189 -0.550272 0.790743 -0.268189 -8.7677 -0.121423 0.241995 0.96265 -6.86101
0.902251 0.430932 0.0155359 13.6604 -0.42124 0.888517 -0.181917 -8.82073 -0.0921976 0.15759 0.983191 -6.79028
0.963471 0.266941 0.0216 14.0455 -0.263695 0.959654 -0.0976147 -8.9936 -0.0467859 0.0883531 0.99499 -6.58652
0.995891 0.0733994 0.05305 14.1906 -0.0748473 0.99686 0.0258411 -8.95407 -0.0509867 -0.0297055 0.998257 -6.52221
0.990687 -0.134465 0.0214134 14.2966 0.131364 0.985273 0.109454 -8.9047 -0.0358158 -0.105622 0.993761 -6.45691
0.967233 -0.253847 -0.00470719 14.43 0.25076 0.952238 0.17425 -8.84363 -0.0397505 -0.169721 0.98469 -6.38613
0.904866 -0.424565 -0.0310273 14.4783 0.417658 0.871319 0.257613 -8.76355 -0.0823388 -0.246064 0.96575 -6.36258
0.844375 -0.532239 -0.0612591 14.4972 0.524577 0.798105 0.29639 -8.71966 -0.108859 -0.282399 0.9531 -6.36412
0.762224 -0.635433 -0.123451 14.518 0.62825 0.680257 0.377561 -8.61729 -0.155937 -0.365344 0.917719 -6.3472
0.669845 -0.7245 -0.162502 14.6556 0.713449 0.56741 0.41114 -8.39012 -0.205666 -0.391338 0.896971 -6.27181
0.500688 -0.829786 -0.246511 14.6469 0.815967 0.357352 0.45442 -8.31311 -0.28898 -0.428667 0.855999 -6.28044
0.383023 -0.862788 -0.329984 14.631 0.856585 0.198029 0.476493 -8.23094 -0.345767 -0.465167 0.814902 -6.29631
0.207502 -0.879688 -0.427891 14.5855 0.872733 -0.0311214 0.487206 -8.12689 -0.441906 -0.474531 0.761275 -6.31663
0.0142385 -0.849653 -0.52715 14.5185 0.842831 -0.27346 0.463524 -8.05276 -0.537989 -0.450899 0.71222 -6.35102
-0.153845 -0.781127 -0.605122 14.4438 0.770888 -0.477987 0.421024 -7.99583 -0.618113 -0.401709 0.675697 -6.38768
-0.275952 -0.69147 -0.667623 14.3329 0.686737 -0.627816 0.366388 -7.88521 -0.67249 -0.357376 0.648105 -6.43922
-0.402785 -0.547889 -0.7332 14.2483 0.541001 -0.788656 0.292129 -7.86454 -0.738297 -0.278997 0.614067 -6.48593
-0.468968 -0.438359 -0.766753 14.1778 0.439385 -0.868881 0.228006 -7.84853 -0.766165 -0.229973 0.600086 -6.5263
-0.527352 -0.304357 -0.793263 13.8688 0.302637 -0.939691 0.159349 -7.70344 -0.793921 -0.156038 0.587657 -6.66699
-0.53611 -0.296675 -0.790297 13.2381 0.288972 -0.944142 0.1584 -7.43309 -0.793146 -0.143454 0.591895 -6.9865
-0.553534 -0.205606 -0.807048 12.5231 0.206626 -0.972653 0.106077 -7.20285 -0.806787 -0.10804 0.58088 -7.36728
-0.556374 -0.155778 -0.816199 11.7788 0.153253 -0.984656 0.0834619 -7.01843 -0.816677 -0.0786486 0.571711 -7.7566
-0.551625 -0.0496989 -0.83261 11.5399 0.0638307 -0.997811 0.0172704 -7.04486 -0.831646 -0.0436194 0.55359 -7.88936
-0.55827 -0.0795854 -0.825833 10.7887 0.0740604 -0.996195 0.0459377 -6.95114 -0.826347 -0.0355159 0.56204 -8.2616
-0.52889 0.0642161 -0.846257 10.0959 -0.0106823 -0.997558 -0.069021 -6.93303 -0.848623 -0.0274646 0.528285 -8.64198
-0.614445 0.191833 -0.765282 10.0508 -0.116628 -0.981418 -0.152371 -7.02716 -0.780291 -0.00437036 0.625401 -8.66428
-0.639133 0.142425 -0.755794 9.89654 -0.222516 -0.974919 0.00445068 -7.07472 -0.736204 0.171021 0.654794 -8.68316
-0.728183 0.128535 -0.673223 9.85769 -0.256948 -0.961815 0.0942891 -7.05209 -0.635396 0.241643 0.733404 -8.66423
-0.811088 0.154689 -0.5641 9.8195 -0.155308 -0.986734 -0.047276 -7.0635 -0.563929 0.0492642 0.824352 -8.65089
-0.863167 0.121226 -0.49015 9.77655 -0.086205 -0.99188 -0.0935061 -7.08412 -0.497505 -0.038458 0.866608 -8.60928
-0.911949 0.0377525 -0.408564 9.75986 0.00434202 -0.994814 -0.101616 -7.11239 -0.410281 -0.0944422 0.907056 -8.56119
-0.881676 -0.0588491 -0.468172 9.70662 0.10749 -0.991154 -0.0778411 -7.12909 -0.459449 -0.118954 0.880202 -8.5514
-0.847254 -0.178042 -0.500461 9.64106 0.193843 -0.980813 0.0207641 -7.10035 -0.494556 -0.0794186 0.86551 -8.53427
-0.821624 -0.310232 -0.478216 9.61417 0.32528 -0.944097 0.0535978 -7.04423 -0.46811 -0.111517 0.876605 -8.51797
-0.789715 -0.414898 -0.451895 9.57655 0.452815 -0.891198 0.0269132 -6.99084 -0.413894 -0.183371 0.891665 -8.49555
-0.786855 -0.421363 -0.450902 9.45391 0.420138 -0.900922 0.108732 -6.81611 -0.452043 -0.103885 0.885926 -8.5118
-0.728238 -0.413476 -0.546541 9.25445 0.431643 -0.896164 0.102835 -6.67267 -0.53231 -0.161022 0.831094 -8.55204
-0.730636 -0.348715 -0.587 9.09957 0.423704 -0.905738 0.0106822 -6.61041 -0.535393 -0.24091 0.809517 -8.58554
-0.760303 -0.349367 -0.547615 8.94652 0.407712 -0.912963 0.0163881 -6.57694 -0.505678 -0.210809 0.83657 -8.56122
-0.801211 -0.280532 -0.528547 8.75719 0.374692 -0.923895 -0.0776198 -6.52997 -0.466547 -0.260232 0.845348 -8.50692
-0.844822 -0.224781 -0.48554 8.64059 0.277309 -0.960026 -0.0380634 -6.46822 -0.457575 -0.166802 0.873385 -8.48506
-0.890537 -0.20933 -0.403888 8.51817 0.218467 -0.975551 0.0239175 -6.37057 -0.39902 -0.0669366 0.914496 -8.43993
-0.840236 -0.168985 -0.515216 8.2461 0.185713 -0.982413 0.0193519 -6.3192 -0.509426 -0.0794223 0.856842 -8.50414
-0.848909 -0.0761636 -0.523022 8.03529 0.129046 -0.989482 -0.0653629 -6.37883 -0.512543 -0.122981 0.849809 -8.5375
-0.889378 -0.104713 -0.445019 7.85665 0.10608 -0.994116 0.0219129 -6.2806 -0.444695 -0.0277186 0.895253 -8.46807
-0.877808 -0.0644694 -0.474654 7.57151 0.107803 -0.99207 -0.0646211 -6.29286 -0.466724 -0.107894 0.877797 -8.4418
-0.876044 -0.0707398 -0.477015 7.30668 0.0823954 -0.996593 -0.0035285 -6.27859 -0.475141 -0.042395 0.878888 -8.46283
-0.869717 -0.0755439 -0.487736 7.09816 0.075509 -0.996949 0.0197689 -6.23372 -0.487741 -0.0196351 0.872768 -8.46444
-0.897365 -0.0604016 -0.437135 6.95662 0.0988863 -0.992921 -0.0657993 -6.30191 -0.430066 -0.102273 0.896986 -8.4493
-0.874897 -0.0674744 -0.479586 6.65133 0.0754737 -0.997144 0.00260646 -6.27363 -0.478392 -0.0339157 0.877491 -8.43212
-0.876086 -0.0543234 -0.479086 6.37524 0.0620875 -0.998071 -0.000365997 -6.24715 -0.478142 -0.0300659 0.877768 -8.41276
-0.788206 -0.0681664 -0.611624 6.06491 0.0975628 -0.995119 -0.0148227 -6.26386 -0.607629 -0.0713552 0.791009 -8.54757
-0.682894 -0.0453548 -0.729108 5.87693 0.0627245 -0.998025 0.00333435 -6.26254 -0.72782 -0.043456 0.68439 -8.68801
-0.598082 -0.0526362 -0.799704 5.55185 0.0407635 -0.998547 0.0352377 -6.23 -0.800397 -0.0115236 0.599359 -8.73655
-0.583214 0.0753127 -0.80882 5.30836 -0.0607815 -0.996948 -0.0490025 -6.25009 -0.810041 0.0205823 0.586012 -8.75759
-0.541605 0.251004 -0.802285 5.22658 -0.236963 -0.961265 -0.140775 -6.32761 -0.806544 0.113868 0.580105 -8.77437
-0.460939 0.461409 -0.758048 5.1895 -0.43924 -0.860854 -0.256901 -6.41483 -0.771105 0.214549 0.599471 -8.8148
-0.363014 0.613375 -0.701422 5.17435 -0.596298 -0.731368 -0.330953 -6.4958 -0.715995 0.298115 0.631251 -8.85461
-0.232542 0.747861 -0.621794 5.1884 -0.73163 -0.555744 -0.3948 -6.60713 -0.640814 0.363116 0.676391 -8.88885
-0.0663923 0.839297 -0.539604 5.19698 -0.828598 -0.347667 -0.438809 -6.70935 -0.555893 0.417982 0.718522 -8.88371
0.0272031 0.881029 -0.472279 5.21653 -0.861865 -0.218671 -0.457571 -6.76317 -0.506407 0.419488 0.75338 -8.87431
0.104706 0.898414 -0.426484 5.22126 -0.883998 -0.112388 -0.453781 -7.02143 -0.455615 0.424525 0.782428 -8.83914
0.17806 0.895711 -0.407426 5.1503 -0.891726 -0.0281925 -0.451697 -7.56097 -0.416077 0.443741 0.793709 -8.83927
0.292654 0.894588 -0.337736 5.19956 -0.878762 0.11236 -0.463846 -7.69916 -0.377003 0.432536 0.819013 -8.81912
0.334411 0.885741 -0.321919 5.26186 -0.878071 0.16877 -0.447782 -8.41965 -0.342288 0.432411 0.834182 -8.76286
0.481483 0.84711 -0.224897 5.32267 -0.830283 0.358661 -0.426606 -8.53215 -0.280721 0.392131 0.87603 -8.72576
0.57857 0.790132 -0.202357 5.36322 -0.788938 0.479183 -0.384656 -8.56131 -0.206963 0.382197 0.900606 -8.71058
0.73031 0.673527 -0.114055 5.40829 -0.666277 0.665466 -0.336496 -8.59964 -0.150739 0.321739 0.934752 -8.68209
0.803664 0.588275 -0.0897536 5.43081 -0.585996 0.756083 -0.291456 -8.59932 -0.103595 0.286828 0.952364 -8.66719
0.90764 0.419201 -0.0214529 5.49615 -0.414535 0.887161 -0.202746 -8.57066 -0.065959 0.192913 0.978996 -8.63627
0.976345 0.216128 0.00630022 5.54789 -0.21445 0.971663 -0.0994127 -8.52896 -0.0276076 0.09571 0.995026 -8.62321
0.996232 0.0820905 0.0279906 5.57727 -0.0816955 0.996545 -0.0149759 -8.49505 -0.0291232 0.0126327 0.999496 -8.59702
0.993665 0.100599 0.0500974 6.10138 -0.0979159 0.993761 -0.0534065 -8.558 -0.0551574 0.0481629 0.997315 -8.35213
0.999203 0.038726 -0.00965012 6.2852 -0.0398725 0.979156 -0.19916 -8.63368 0.00173631 0.199386 0.97992 -8.31769
0.98955 0.139071 -0.0380883 6.36257 -0.14271 0.982366 -0.120793 -8.67332 0.0206179 0.124966 0.991947 -8.27935
0.977706 0.198358 -0.0688787 6.40658 -0.197967 0.980129 0.0125168 -8.67831 0.0699928 0.00139799 0.997547 -8.2109
0.961183 0.202048 -0.187894 6.41461 -0.182066 0.976143 0.118306 -8.66344 0.207315 -0.0795041 0.975038 -8.19611
0.977849 0.0608185 -0.200282 6.43048 -0.0658049 0.997664 -0.0183282 -8.65212 0.1987 0.0311017 0.979567 -8.19776
0.95256 0.109732 -0.28388 6.43225 -0.131065 0.989721 -0.0572168 -8.6477 0.274683 0.0917091 0.957151 -8.22225
0.920566 0.0236821 -0.389867 6.41119 -0.0206954 0.999715 0.0118601 -8.63799 0.390037 -0.00284955 0.920795 -8.15255
0.909335 0.0378132 -0.414342 6.4235 0.000293605 0.995803 0.091522 -8.62472 0.416064 -0.0833459 0.905508 -7.97634
0.897936 -0.0193702 -0.439699 6.54518 0.0161749 0.999809 -0.0110133 -8.70671 0.439828 0.00277714 0.898078 -7.62951
0.865421 0.067515 -0.496476 6.63566 -0.0171544 0.994291 0.10531 -8.60988 0.500751 -0.0826207 0.861639 -7.46429
0.915627 0.01862 -0.401597 6.84497 0.00418452 0.998431 0.0558327 -8.59247 0.402007 -0.0528025 0.914113 -7.2836
0.908223 0.0229119 -0.417859 6.97187 -0.0195554 0.999733 0.0123129 -8.64419 0.41803 -0.0030114 0.908428 -7.10465
0.870924 0.117452 -0.477176 7.00822 -0.0974888 0.993013 0.0664876 -8.60158 0.481651 -0.0113864 0.876289 -6.97762
0.895959 0.097636 -0.433273 7.19419 -0.0903035 0.995207 0.037528 -8.60128 0.43486 0.00550251 0.900481 -6.74751
0.891199 0.0671189 -0.448619 7.27797 -0.0742958 0.997235 0.0016071 -8.66057 0.447486 0.0318982 0.893722 -6.58864
0.882283 0.0807298 -0.463744 7.41395 -0.0482749 0.995507 0.0814564 -8.57072 0.468237 -0.0494805 0.882217 -6.36861
0.880742 0.0300494 -0.472642 7.54215 -0.0260306 0.999548 0.0150421 -8.61704 0.472881 -0.000945069 0.881126 -6.1566
0.886762 0.0340348 -0.460972 7.68361 -0.0153784 0.998906 0.044169 -8.60432 0.461971 -0.0320783 0.886315 -5.94141
0.882921 0.0862396 -0.461534 7.75625 -0.0357349 0.992478 0.117088 -8.53259 0.46816 -0.0868861 0.879362 -5.81436
0.902738 0.0267498 -0.429357 7.88462 -0.0127385 0.999289 0.0354745 -8.55934 0.430001 -0.0265549 0.902438 -5.6523
0.903843 0.0206988 -0.427362 7.98429 -0.0240032 0.999709 -0.00234547 -8.62649 0.427189 0.012378 0.904077 -5.48783
0.869347 0.0686718 -0.489408 8.04482 -0.03422 0.996286 0.0790092 -8.52747 0.493016 -0.0519389 0.868469 -5.33668
0.896582 0.0100428 -0.442764 8.20881 -0.00378476 0.99988 0.0150152 -8.56516 0.442862 -0.0117866 0.896512 -5.14518
0.933873 0.0759797 -0.349439 8.43038 -0.0365607 0.992333 0.118058 -8.5424 0.35573 -0.0974757 0.929492 -4.97799
0.961993 -0.0137559 -0.272726 8.51665 0.0312146 0.997723 0.0597807 -8.47061 0.271282 -0.0660216 0.960233 -4.95076
0.968465 0.00538762 -0.249093 8.5646 -0.000324684 0.999793 0.0203621 -8.49565 0.249151 -0.0196391 0.968266 -4.88482
0.989494 -0.020494 -0.143113 8.69067 0.0231376 0.999591 0.016832 -8.56193 0.14271 -0.0199665 0.989563 -4.73216
0.99944 -0.0179338 -0.0282521 8.91199 0.0180675 0.999827 0.00448562 -8.55235 0.0281667 -0.00499355 0.999591 -4.62067
0.994783 -0.10183 -0.00609476 9.09892 0.102007 0.992365 0.0693212 -8.50034 -0.00101075 -0.0695813 0.997576 -4.4841
0.964963 -0.262309 -0.00642836 9.11381 0.260277 0.953814 0.149979 -8.44513 -0.0332094 -0.146398 0.988668 -4.48016
0.896299 -0.441267 -0.0439459 9.10889 0.434051 0.852688 0.290727 -8.38308 -0.0908161 -0.279653 0.955796 -4.50201
0.826273 -0.554582 -0.0985451 9.10942 0.552216 0.763078 0.335811 -8.32383 -0.111037 -0.33189 0.93676 -4.50043
0.775058 -0.61804 -0.131577 9.5717 0.619327 0.701681 0.352247 -7.88385 -0.125377 -0.354501 0.926612 -4.24812
0.644244 -0.742216 -0.184565 9.5876 0.735211 0.534504 0.416858 -7.77773 -0.210748 -0.404253 0.890037 -4.24552
0.548472 -0.800306 -0.242258 9.57745 0.794706 0.408816 0.448677 -7.73035 -0.26004 -0.43861 0.860233 -4.2609
0.416404 -0.851365 -0.319037 9.55034 0.84511 0.233052 0.481118 -7.63426 -0.335255 -0.469961 0.816542 -4.27918
0.306813 -0.873787 -0.377309 9.61836 0.8706 0.0974571 0.482242 -7.12327 -0.384606 -0.476443 0.79062 -4.24389
0.142522 -0.866533 -0.478338 9.5691 0.864074 -0.126787 0.487135 -7.00615 -0.482766 -0.482747 0.730679 -4.28075
0.0302612 -0.856407 -0.515413 9.53933 0.851886 -0.247634 0.461484 -6.97766 -0.522852 -0.453038 0.722068 -4.29722
-0.0520149 -0.826857 -0.560002 9.51232 0.812332 -0.361204 0.457874 -6.9564 -0.580871 -0.431091 0.69047 -4.30397
-0.224915 -0.732361 -0.642698 9.4822 0.715603 -0.57182 0.401166 -6.96389 -0.661306 -0.369688 0.652691 -4.31786
-0.362769 -0.589961 -0.721349 9.4545 0.584949 -0.746744 0.316558 -7.01222 -0.72542 -0.307115 0.615992 -4.3343
-0.456371 -0.43727 -0.774932 9.42724 0.415192 -0.874941 0.249188 -7.06513 -0.786982 -0.208023 0.580849 -4.35801
-0.498266 -0.366013 -0.785981 9.08599 0.357978 -0.912497 0.197991 -6.8969 -0.789673 -0.182711 0.585691 -4.52088
-0.533394 -0.20449 -0.820777 9.01159 0.200149 -0.973295 0.112418 -6.92182 -0.821846 -0.104315 0.560078 -4.56085
-0.56073 -0.166572 -0.811071 8.9217 0.157232 -0.983153 0.0932113 -6.87778 -0.812933 -0.0752596 0.577473 -4.60321
-0.557755 -0.169502 -0.812514 8.27186 0.158139 -0.982695 0.0964485 -6.74375 -0.814802 -0.0746953 0.574907 -4.9685
-0.60654 -0.226624 -0.76207 8.18781 0.197222 -0.971443 0.131916 -6.65462 -0.770203 -0.0702847 0.633915 -4.99289
-0.693728 -0.155672 -0.703212 8.08691 0.183688 -0.982316 0.0362472 -6.64736 -0.696419 -0.104026 0.710055 -4.96055
-0.750713 -0.0730637 -0.656576 8.04369 0.148941 -0.986996 -0.0604626 -6.68716 -0.64362 -0.143181 0.751832 -4.95406
-0.795832 -0.0345093 -0.604534 8.00295 0.0619514 -0.997776 -0.0245981 -6.70562 -0.60234 -0.0570276 0.7962 -4.96764
-0.862849 -0.0835035 -0.498516 7.88394 0.0806768 -0.996368 0.0272574 -6.6561 -0.498981 -0.0166996 0.866452 -4.95775
-0.866367 -0.0556893 -0.496294 7.67472 0.0406743 -0.99833 0.041019 -6.58113 -0.497749 0.0153512 0.867185 -4.95181
-0.878134 -0.0409573 -0.476659 7.53288 0.0893777 -0.992832 -0.0793478 -6.64572 -0.469993 -0.112281 0.8755 -4.92044
-0.881773 -0.0721635 -0.466122 7.2404 0.0728646 -0.997205 0.0165446 -6.61342 -0.466013 -0.0193752 0.884566 -4.90696
-0.894658 -0.041268 -0.444841 6.93726 0.0805613 -0.994304 -0.069782 -6.62213 -0.439427 -0.098268 0.892887 -4.88042
-0.866519 -0.0588922 -0.495658 6.70391 0.0849197 -0.995932 -0.0301254 -6.67577 -0.491867 -0.0681953 0.867995 -4.8814
-0.869023 -0.0663294 -0.490306 6.4801 0.0588114 -0.997796 0.0307455 -6.57381 -0.491265 -0.00211705 0.871008 -4.86048
-0.869555 -0.02806 -0.493038 6.17715 0.0702844 -0.995253 -0.0673159 -6.66855 -0.488809 -0.0931877 0.867399 -4.85714
-0.885958 -0.0643421 -0.45928 5.94048 0.0631775 -0.997841 0.0179207 -6.60057 -0.459442 -0.0131392 0.888111 -4.82847
-0.887387 -0.0470676 -0.458617 5.70914 0.0807239 -0.99527 -0.0540502 -6.60344 -0.453904 -0.0849848 0.886989 -4.82877
-0.864826 -0.0465001 -0.499913 5.4069 0.0629309 -0.997889 -0.0160476 -6.61903 -0.498112 -0.0453384 0.865927 -4.85452
-0.869927 -0.0494294 -0.490697 5.21394 0.0487766 -0.99871 0.0141301 -6.5596 -0.490762 -0.0116424 0.871216 -4.84481
-0.890521 -0.0387513 -0.453289 5.06202 0.0760136 -0.995033 -0.0642698 -6.62404 -0.448547 -0.0916897 0.889044 -4.81032
-0.873477 -0.0341076 -0.48567 4.75952 0.0371406 -0.999304 0.00338172 -6.6242 -0.485447 -0.0150842 0.874136 -4.82256
-0.873203 -0.0269555 -0.48661 4.47796 0.0355342 -0.999333 -0.00840739 -6.55789 -0.486059 -0.0246327 0.873579 -4.78308
-0.796836 -0.0503695 -0.602093 4.18633 0.0722338 -0.997314 -0.0121648 -6.60551 -0.599863 -0.0531848 0.798333 -4.88599
-0.69142 -0.0651076 -0.719514 4.00927 0.0669105 -0.997421 0.0259571 -6.60755 -0.719348 -0.0301958 0.693993 -5.00533
-0.602365 -0.039539 -0.797241 3.71696 0.0248066 -0.999217 0.0308131 -6.60131 -0.797835 -0.00121611 0.602874 -5.09403
-0.58735 0.0994877 -0.803195 3.34464 -0.103366 -0.99351 -0.0474726 -6.63182 -0.802705 0.0551403 0.593821 -5.10645
-0.541009 0.273195 -0.795408 3.30591 -0.275756 -0.951108 -0.139113 -6.70456 -0.794524 0.144077 0.589893 -5.10632
-0.475702 0.455182 -0.752673 3.30898 -0.481981 -0.850684 -0.209834 -6.77067 -0.7358 0.262956 0.624062 -5.09402
-0.424163 0.550916 -0.718733 3.33284 -0.543153 -0.789831 -0.28487 -6.80469 -0.724617 0.269551 0.634249 -5.08642
-0.271011 0.689931 -0.671229 3.3788 -0.706054 -0.616444 -0.348548 -6.86845 -0.654249 0.379463 0.654191 -5.10247
-0.140983 0.819609 -0.555307 3.42989 -0.797489 -0.426385 -0.426857 -6.96767 -0.586631 0.382671 0.713742 -5.10996
-0.0534534 0.853551 -0.51826 3.43351 -0.826728 -0.328914 -0.456438 -7.18932 -0.560056 0.404062 0.723236 -5.14792
0.0226825 0.881553 -0.471541 3.31644 -0.85946 -0.223745 -0.459638 -7.5826 -0.5107 0.415696 0.752584 -5.19216
0.200541 0.900704 -0.385378 3.33936 -0.887283 0.000210812 -0.461226 -7.70257 -0.415347 0.434434 0.799221 -5.16421
0.291525 0.907322 -0.302951 3.37785 -0.87616 0.126181 -0.465212 -7.76729 -0.383871 0.401054 0.831744 -5.14951
0.358492 0.882467 -0.304524 3.40945 -0.871328 0.199217 -0.448442 -8.17346 -0.335069 0.426103 0.840336 -5.0967
0.486796 0.849863 -0.201899 3.49021 -0.825677 0.372237 -0.423907 -8.28916 -0.285109 0.37306 0.882915 -5.057
0.653877 0.746346 -0.124149 3.59593 -0.731054 0.580956 -0.357841 -8.38798 -0.194948 0.324744 0.925493 -5.01716
0.795252 0.601977 -0.0720979 3.68051 -0.594246 0.75036 -0.289536 -8.43338 -0.120195 0.273098 0.954448 -4.96637
0.857714 0.511873 -0.0480886 3.71658 -0.507982 0.82933 -0.232737 -8.43241 -0.0792504 0.22405 0.97135 -4.94623
0.945908 0.324369 0.00651949 3.75073 -0.319336 0.934402 -0.157853 -8.41812 -0.0572944 0.147232 0.987441 -4.92092
0.9932 0.114316 0.0220552 3.76564 -0.113049 0.992227 -0.0520245 -8.36657 -0.027831 0.0491774 0.998402 -4.92044
0.999504 0.0169284 0.0265438 3.78701 -0.017401 0.999692 0.0176776 -8.31405 -0.0262364 -0.0181307 0.999491 -4.90701
0.998949 0.0287742 0.0356756 4.21494 -0.0287036 0.999585 -0.00248877 -8.35682 -0.0357325 0.00146214 0.99936 -4.6872
0.998914 0.0444816 -0.0138643 4.24699 -0.0426244 0.992612 0.113594 -8.31 0.0188147 -0.11288 0.99343 -4.67133
0.996832 0.0532286 -0.0590983 4.3709 -0.0523021 0.998485 0.0171163 -8.25678 0.0599198 -0.0139711 0.998105 -4.60386
0.978179 0.00205892 -0.207752 4.40275 -0.00688793 0.999723 -0.0225234 -8.25889 0.207648 0.0234629 0.977922 -4.52057
0.93037 -0.0173421 -0.366211 4.35944 -0.00158164 0.998681 -0.0513114 -8.29028 0.366618 0.0483178 0.929116 -4.50631
0.899295 0.0488305 -0.434608 4.39513 -0.0502465 0.998703 0.00823884 -8.28388 0.434446 0.0144284 0.900582 -4.43114
0.901966 0.102739 -0.419406 4.6 -0.0792851 0.994173 0.0730274 -8.18633 0.424465 -0.0326156 0.904857 -4.17029
0.890207 0.0380244 -0.453966 4.6426 -0.0432377 0.999064 -0.00110517 -8.25635 0.4535 0.0206123 0.891018 -4.0276
0.869957 0.0849977 -0.485747 4.82899 -0.0501306 0.995174 0.0843567 -8.16501 0.490573 -0.049036 0.87002 -3.82334
0.897047 0.040861 -0.440041 4.92557 -0.031121 0.999085 0.0293303 -8.1961 0.440837 -0.0126161 0.897498 -3.6465
0.878723 0.0858432 -0.46955 4.98899 -0.0989961 0.995082 -0.00334166 -8.27156 0.466954 0.04942 0.8829 -3.46792
0.871723 0.143435 -0.468535 5.10996 -0.119559 0.989558 0.080497 -8.20986 0.475188 -0.0141537 0.87977 -3.27744
0.894905 0.0883399 -0.437425 5.25816 -0.076896 0.996075 0.0438442 -8.2201 0.439581 -0.00560019 0.898186 -3.13652
0.89442 0.0304295 -0.446192 5.40852 -0.0396322 0.99915 -0.011305 -8.32389 0.445469 0.027795 0.894866 -2.92442
0.877154 0.0914265 -0.471425 5.51214 -0.0527891 0.994117 0.0945739 -8.23617 0.477298 -0.0580698 0.876821 -2.74
0.889823 0.0366661 -0.454831 5.68416 -0.0375677 0.999269 0.00705909 -8.2597 0.454757 0.0108056 0.89055 -2.48157
0.895351 0.0643326 -0.440689 5.81915 -0.0460287 0.99758 0.0521115 -8.28328 0.442975 -0.0263737 0.896146 -2.24804
0.897906 0.018804 -0.439784 5.92975 -0.000771575 0.999153 0.0411458 -8.22371 0.440186 -0.0366057 0.89716 -2.08921
0.862071 -0.00673928 -0.506742 5.97895 0.000995555 0.999932 -0.0116047 -8.30687 0.506786 0.00949957 0.862019 -1.9756
0.878159 0.0305543 -0.477392 6.08308 -0.0127658 0.9991 0.0404624 -8.28573 0.478198 -0.0294381 0.877758 -1.82579
0.893045 0.0215162 -0.449452 6.25965 0.0202302 0.995926 0.0878736 -8.19526 0.449512 -0.0875676 0.888972 -1.58784
0.946715 0.0400158 -0.319576 6.57357 -0.00796917 0.994858 0.100963 -8.19875 0.321973 -0.0930368 0.942166 -1.31834
0.965026 0.00450118 -0.262115 6.66179 0.0162868 0.996892 0.0770821 -8.1859 0.261648 -0.0786552 0.961953 -1.27387
0.980468 -0.0577785 -0.188002 6.75142 0.0558011 0.998317 -0.0157979 -8.22505 0.188599 0.00499855 0.982042 -1.12499
0.992887 -0.0635998 -0.100655 6.87033 0.0658943 0.997633 0.0196346 -8.2084 0.0991681 -0.0261275 0.994728 -1.05031
0.998773 -0.0495017 -0.00169904 7.14656 0.0495277 0.998512 0.022817 -8.19437 0.000567026 -0.0228731 0.999738 -0.885962
0.989688 -0.143081 -0.00670374 7.28002 0.142952 0.983665 0.109396 -8.1341 -0.00905831 -0.109226 0.993976 -0.807629
0.949265 -0.314082 -0.0157531 7.33562 0.311599 0.932635 0.181928 -8.06465 -0.0424483 -0.177606 0.983186 -0.779677
0.86483 -0.49768 -0.0662072 7.36872 0.490929 0.810646 0.319127 -7.96712 -0.105153 -0.308494 0.945396 -0.775845
0.74895 -0.647588 -0.140368 7.37684 0.643473 0.660231 0.387347 -7.8789 -0.158166 -0.380426 0.911186 -0.758733
0.66694 -0.722957 -0.180346 7.39455 0.708386 0.540163 0.454328 -7.74978 -0.231043 -0.430763 0.872389 -0.768202
0.532529 -0.809059 -0.24867 7.5463 0.796076 0.378953 0.471865 -7.37717 -0.287532 -0.449242 0.845876 -0.696928
0.349265 -0.864429 -0.361631 7.53987 0.867691 0.152673 0.473078 -7.24176 -0.353731 -0.479014 0.80338 -0.703533
0.273318 -0.870078 -0.410198 7.52716 0.86798 0.0392716 0.495043 -7.18264 -0.414617 -0.491348 0.765944 -0.703343
0.0678158 -0.868572 -0.4909 7.48981 0.857711 -0.200584 0.473391 -7.09213 -0.509641 -0.453154 0.731381 -0.722585
-0.0878456 -0.792933 -0.602943 7.40267 0.792607 -0.422267 0.439846 -7.02695 -0.603371 -0.439259 0.665579 -0.761038
-0.25679 -0.68485 -0.681938 7.31064 0.683846 -0.627357 0.372528 -6.97818 -0.682944 -0.370679 0.629431 -0.821479
-0.337567 -0.594268 -0.729996 7.16799 0.612343 -0.727629 0.30918 -6.87624 -0.714901 -0.342639 0.60952 -0.881449
-0.431143 -0.460408 -0.775977 7.0972 0.453665 -0.854015 0.254648 -6.87758 -0.779938 -0.242244 0.577074 -0.916155
-0.468275 -0.361009 -0.806468 7.07529 0.363073 -0.910727 0.196862 -6.89893 -0.805541 -0.200621 0.557543 -0.933956
-0.529237 -0.226912 -0.817569 7.05855 0.220082 -0.967309 0.126006 -6.92794 -0.819434 -0.113246 0.561875 -0.948802
-0.553902 -0.107914 -0.825559 6.77553 0.117961 -0.991734 0.0504913 -6.88673 -0.824183 -0.0694165 0.562053 -1.09054
-0.557741 -0.0168463 -0.829844 6.38269 0.10204 -0.993602 -0.048411 -6.89368 -0.823719 -0.111678 0.555892 -1.30372
-0.650143 -0.0193225 -0.759566 6.27326 0.0622678 -0.997669 -0.027918 -6.97266 -0.757256 -0.0654472 0.649831 -1.32071
-0.690689 -0.113647 -0.714166 6.20249 0.0592963 -0.993149 0.100695 -6.94432 -0.720717 0.0272015 0.692696 -1.33034
-0.800907 -0.16802 -0.574733 6.13026 0.0974898 -0.983607 0.151698 -6.8145 -0.5908 0.0654651 0.804158 -1.38391
-0.759804 -0.226877 -0.609282 5.98181 0.234777 -0.969648 0.0682863 -6.71287 -0.606281 -0.0911613 0.790008 -1.40084
-0.757831 -0.274763 -0.591775 5.90663 0.338977 -0.940791 0.00271551 -6.76537 -0.557482 -0.19854 0.806099 -1.38045
-0.820071 -0.26338 -0.508049 5.72953 0.327834 -0.943895 -0.0398464 -6.74969 -0.46905 -0.199233 0.860406 -1.30343
-0.865456 -0.248227 -0.435167 5.42137 0.269016 -0.963029 0.0143123 -6.60847 -0.422631 -0.10468 0.900236 -1.24256
-0.857811 -0.172248 -0.484242 5.2651 0.189126 -0.98185 0.0142228 -6.57027 -0.477903 -0.0793824 0.874818 -1.23431
-0.873251 -0.121086 -0.471985 5.02334 0.183264 -0.979128 -0.0878778 -6.62065 -0.451493 -0.163237 0.877216 -1.19952
-0.878596 -0.139144 -0.456846 4.72495 0.149465 -0.988672 0.0136777 -6.52874 -0.453574 -0.0562652 0.889441 -1.18653
-0.851731 -0.103216 -0.513712 4.47075 0.137147 -0.990142 -0.0284483 -6.50735 -0.505712 -0.0946843 0.857491 -1.2173
-0.861711 -0.106197 -0.496162 4.149 0.117968 -0.992988 0.00765426 -6.49156 -0.493496 -0.0519355 0.868196 -1.21613
-0.860219 -0.0859594 -0.502627 3.83027 0.108579 -0.993962 -0.0158388 -6.44345 -0.49823 -0.0681993 0.864358 -1.17114
-0.854104 -0.0703241 -0.515326 3.51576 0.0771728 -0.996984 0.00814706 -6.46047 -0.514345 -0.0328107 0.856956 -1.17612
-0.880649 -0.0619771 -0.469697 3.23106 0.0916951 -0.994958 -0.0406362 -6.44601 -0.46481 -0.0788552 0.881892 -1.16612
-0.867382 -0.055841 -0.4945 3.00122 0.0940237 -0.994176 -0.0526565 -6.46617 -0.48868 -0.092168 0.867581 -1.1768
-0.873507 -0.07388 -0.481173 2.77561 0.0658588 -0.997264 0.0335634 -6.3945 -0.482336 -0.00237161 0.875983 -1.17447
-0.805307 -0.0539646 -0.590396 2.39879 0.097183 -0.994394 -0.0416672 -6.43025 -0.584838 -0.0909314 0.806037 -1.24477
-0.689428 -0.0621234 -0.721686 2.16724 0.0696906 -0.997382 0.0192801 -6.43379 -0.720994 -0.0370025 0.691952 -1.32333
-0.596871 -0.0341799 -0.801609 1.82147 0.0342534 -0.999267 0.0171031 -6.39852 -0.801606 -0.0172495 0.597604 -1.36109
-0.585929 0.0658484 -0.807683 1.46654 -0.0564469 -0.997589 -0.0403819 -6.40462 -0.808394 0.0219303 0.588233 -1.51737
-0.542463 0.239813 -0.805123 1.42758 -0.243528 -0.962127 -0.122498 -6.48229 -0.804007 0.129619 0.58032 -1.53831
-0.474237 0.426092 -0.770419 1.4294 -0.441343 -0.872242 -0.210735 -6.54897 -0.761784 0.24008 0.601703 -1.54452
-0.370995 0.602092 -0.706999 1.46187 -0.595882 -0.738272 -0.316038 -6.59766 -0.712241 0.30404 0.632671 -1.52751
-0.231608 0.730486 -0.642454 1.51063 -0.730769 -0.566569 -0.380758 -6.63594 -0.642133 0.381299 0.665038 -1.51048
-0.145947 0.796621 -0.586596 1.54338 -0.788565 -0.451726 -0.417264 -6.65644 -0.597382 0.401671 0.694115 -1.49715
0.0127228 0.866861 -0.498387 1.6129 -0.850878 -0.252415 -0.460754 -6.70761 -0.52521 0.429929 0.734381 -1.47567
0.0444006 0.872446 -0.486689 1.42746 -0.872652 -0.203283 -0.444021 -7.65799 -0.48632 0.444425 0.752316 -1.53617
0.150728 0.892742 -0.424608 1.43786 -0.890648 -0.063752 -0.450202 -7.81035 -0.428984 0.446035 0.78551 -1.52583
0.326692 0.88757 -0.324793 1.49498 -0.877508 0.157196 -0.453066 -7.92357 -0.351072 0.433022 0.830205 -1.51438
0.494383 0.837983 -0.231021 1.56755 -0.829478 0.375332 -0.413632 -8.01115 -0.259907 0.39612 0.880646 -1.48507
0.612297 0.770243 -0.178374 1.72635 -0.764174 0.518679 -0.383419 -8.29023 -0.202807 0.371075 0.906186 -1.38685
0.754112 0.649124 -0.0997645 1.78263 -0.642239 0.697146 -0.318616 -8.30782 -0.137271 0.304345 0.942619 -1.35326
0.826546 0.55552 -0.09066 1.78839 -0.557035 0.784169 -0.273479 -8.29758 -0.0808302 0.276544 0.957596 -1.34323
0.919888 0.391178 -0.0280241 1.8106 -0.38911 0.901429 -0.189788 -8.27523 -0.0489793 0.185489 0.981425 -1.33309
0.9796 0.200873 -0.00574756 1.82418 -0.20059 0.975697 -0.0882015 -8.22077 -0.0121094 0.0875552 0.996086 -1.33884
0.991325 0.131208 -0.00774753 1.86552 -0.131435 0.989293 -0.063441 -8.19736 -0.000659409 0.0639089 0.997956 -1.3097
0.998098 0.0616403 -3.42678e-05 2.08472 -0.0616286 0.997897 -0.0200672 -8.21177 -0.00120275 0.0200312 0.999799 -1.17777
0.995045 0.0990892 -0.00816937 2.45084 -0.0978286 0.990421 0.0974501 -8.19184 0.0177474 -0.096168 0.995207 -1.03968
0.995166 0.0555662 -0.0809735 2.54489 -0.0516806 0.997445 0.0493187 -8.13914 0.083507 -0.0448956 0.995495 -0.953535
0.980762 -0.00463055 -0.195154 2.57818 -0.0068732 0.99828 -0.0582286 -8.1855 0.195088 0.0584497 0.979043 -0.844342
0.924929 -0.0634279 -0.374811 2.56832 0.00581982 0.988229 -0.152873 -8.2469 0.380095 0.139215 0.914411 -0.825669
0.923626 0.0333841 -0.381839 2.57762 -0.0520047 0.997903 -0.0385472 -8.25754 0.379751 0.0554606 0.923425 -0.795888
0.912872 0.0989483 -0.396073 2.69366 -0.0618539 0.992505 0.10539 -8.14482 0.403533 -0.0717087 0.912151 -0.622438
0.896928 0.0593761 -0.438172 2.80176 -0.0589201 0.998155 0.0146505 -8.13369 0.438234 0.0126767 0.898772 -0.406689
0.896157 0.0404276 -0.441892 2.8807 -0.0457571 0.998952 -0.00140374 -8.20127 0.441372 0.0214776 0.897067 -0.28144
0.874269 0.0892706 -0.477162 2.93165 -0.0583133 0.995141 0.0793343 -8.15709 0.481926 -0.0415346 0.875227 -0.15059
0.896276 0.0412273 -0.441576 3.10972 -0.0398601 0.999129 0.0123777 -8.12136 0.441702 0.00650743 0.897138 0.0789353
0.90255 0.0405095 -0.428676 3.22199 -0.0444432 0.999012 0.000833529 -8.19138 0.428286 0.0182994 0.903458 0.256358
0.870439 0.115152 -0.47862 3.26879 -0.0794587 0.992373 0.0942502 -8.13779 0.485822 -0.0440085 0.872949 0.407114
0.888951 0.0457068 -0.455716 3.44219 -0.0447549 0.998915 0.0128857 -8.11894 0.455811 0.00894075 0.890032 0.633957
0.898699 0.0475897 -0.435976 3.59243 -0.0491214 0.998763 0.00776526 -8.16324 0.435806 0.0144371 0.899925 0.870016
0.880908 0.102378 -0.462082 3.65789 -0.074267 0.99413 0.0786762 -8.10089 0.467425 -0.034989 0.88334 0.971982
0.869521 0.0748887 -0.488185 3.79675 -0.077388 0.996887 0.0150865 -8.14768 0.487795 0.0246616 0.87261 1.20466
0.889051 0.115709 -0.442944 3.87639 -0.142658 0.989379 -0.0278834 -8.23988 0.435013 0.0879793 0.896116 1.31885
0.864509 0.182256 -0.468409 3.95457 -0.159818 0.983251 0.0876128 -8.15737 0.476532 -0.000881702 0.879157 1.50502
0.891622 0.110552 -0.439076 4.13635 -0.118777 0.992882 0.00879318 -8.18449 0.436923 0.0443121 0.898407 1.70919
0.884333 0.103912 -0.455146 4.23397 -0.103735 0.994279 0.0254441 -8.22718 0.455186 0.0247136 0.890053 1.95431
0.889543 0.143049 -0.433879 4.37422 -0.109414 0.988782 0.101677 -8.14367 0.443556 -0.0429733 0.895216 2.07739
0.927604 0.123194 -0.352667 4.62716 -0.118922 0.992327 0.0338465 -8.20024 0.354131 0.0105436 0.935136 2.36871
0.964907 0.0134345 -0.262247 4.76893 -0.0224317 0.999257 -0.0313446 -8.20149 0.261631 0.0361272 0.964492 2.45319
0.988717 0.0267194 -0.147392 4.90792 -0.0262831 0.999642 0.0049073 -8.25528 0.14747 -0.000978013 0.989066 2.57979
0.999268 0.0355447 -0.0141157 5.03271 -0.0358696 0.999081 -0.0234675 -8.25714 0.0132686 0.0239567 0.999625 2.68194
0.999136 -0.0401372 -0.0107575 5.15585 0.0405653 0.998248 0.0430734 -8.22752 0.00900983 -0.0434726 0.999014 2.81089
0.995388 -0.0950438 0.0130002 5.36015 0.0939054 0.993091 0.0703704 -8.17562 -0.0195986 -0.0688251 0.997436 2.91979
0.984099 -0.177489 -0.00686948 5.66655 0.176984 0.976551 0.122575 -8.1148 -0.0150474 -0.121842 0.992435 3.09161
0.961956 -0.272871 -0.0135065 5.71059 0.270373 0.943721 0.1905 -8.06892 -0.0392354 -0.186904 0.981594 3.11013
0.914619 -0.402426 -0.0390599 5.79495 0.397653 0.877868 0.266872 -7.97465 -0.0731067 -0.259618 0.96294 3.14568
0.907541 -0.417657 -0.0439537 6.58555 0.415141 0.876379 0.244166 -7.50351 -0.0634576 -0.239838 0.968737 3.58838
0.860028 -0.505553 -0.0690471 7.08509 0.501938 0.813923 0.292554 -7.16338 -0.0917028 -0.286262 0.953753 3.84945
0.756084 -0.640367 -0.135154 7.17346 0.636869 0.672311 0.377354 -7.02344 -0.150779 -0.371387 0.916154 3.88741
0.609303 -0.760356 -0.224963 7.21465 0.754943 0.469503 0.457851 -6.86325 -0.242508 -0.448805 0.860095 3.89481
0.459061 -0.829587 -0.31788 7.22062 0.827977 0.269805 0.491588 -6.7165 -0.32205 -0.488866 0.810737 3.89268
0.399624 -0.862285 -0.31107 7.43697 0.851422 0.223405 0.474522 -5.71147 -0.339679 -0.454483 0.823446 4.00352
0.317859 -0.865486 -0.38717 7.45163 0.86538 0.0979758 0.491445 -5.39697 -0.387405 -0.491259 0.780117 4.00424
0.263425 -0.87308 -0.410292 7.49135 0.869741 0.0309563 0.492536 -4.62333 -0.417322 -0.486594 0.767508 4.0166
0.165114 -0.860305 -0.482298 7.45199 0.865542 -0.108045 0.489044 -4.32205 -0.472837 -0.498197 0.72679 3.98057
0.0876559 -0.849539 -0.520193 7.37441 0.853944 -0.204804 0.478366 -3.52663 -0.512928 -0.486147 0.707507 3.92781
-0.0238846 -0.814594 -0.57954 7.2723 0.814425 -0.35205 0.461272 -3.2492 -0.579777 -0.460974 0.671834 3.8603
-0.143935 -0.758742 -0.63529 7.17012 0.761291 -0.495048 0.418765 -3.07272 -0.632234 -0.423366 0.648878 3.79883
-0.226594 -0.678395 -0.698881 7.03422 0.694997 -0.615328 0.371956 -2.92181 -0.682374 -0.401438 0.610912 3.73068
-0.322275 -0.584606 -0.744563 6.81315 0.599309 -0.734834 0.317564 -2.70849 -0.73278 -0.34388 0.587179 3.6129
-0.389411 -0.472163 -0.790835 6.65103 0.503814 -0.827968 0.246253 -2.60058 -0.771058 -0.30254 0.560302 3.50838
-0.450274 -0.376244 -0.809749 6.46298 0.403229 -0.894826 0.191552 -2.51499 -0.796655 -0.240264 0.554629 3.42213
-0.489416 -0.329107 -0.807565 5.87743 0.3362 -0.925673 0.173489 -2.20578 -0.804637 -0.186595 0.563685 3.12074
-0.522689 -0.187124 -0.831734 5.59381 0.206545 -0.974344 0.0894092 -2.15884 -0.827125 -0.125057 0.547928 2.95905
-0.542376 -0.141734 -0.828094 5.07785 0.152454 -0.985907 0.0688918 -2.02148 -0.826188 -0.0888811 0.556339 2.69784
-0.5523 -0.0586669 -0.831579 4.61785 0.0628522 -0.997612 0.0286365 -2.00283 -0.831273 -0.0364506 0.554668 2.45748
-0.542469 0.0576175 -0.838098 4.33318 -0.0425444 -0.998249 -0.0410902 -2.02889 -0.838998 0.0133662 0.54397 2.29847
-0.558068 -0.0123168 -0.829704 3.41854 -0.00460563 -0.999828 0.0179401 -2.02009 -0.829782 0.0138331 0.557916 1.82926
-0.556306 -0.0127383 -0.83088 2.5344 -0.00762247 -0.999762 0.020431 -2.01053 -0.830943 0.0176992 0.556076 1.36171
-0.557245 -0.00775346 -0.830312 1.56007 -0.0138629 -0.99973 0.0186393 -2.00683 -0.830233 0.0218972 0.556987 0.847882
-0.55712 -0.00025768 -0.830432 0.590456 -0.0195328 -0.999719 0.0134144 -2.01741 -0.830202 0.023694 0.556959 0.334684
-0.556626 0.000908654 -0.830763 -0.377862 -0.0293904 -0.999395 0.018599 -2.0274 -0.830243 0.0347691 0.556315 -0.175895
-0.552909 0.00831029 -0.8332 -1.3375 -0.029245 -0.999528 0.00943767 -2.05101 -0.832729 0.0295851 0.552891 -0.689224
-0.556179 0.00939484 -0.83101 -2.28208 -0.0331134 -0.999393 0.0108637 -2.07286 -0.830403 0.0335597 0.556152 -1.1857
-0.552173 -0.0446835 -0.832532 -3.21571 -0.000654222 -0.998539 0.0540273 -2.07067 -0.83373 0.0303771 0.551337 -1.68175
-0.552008 -0.0420968 -0.832775 -4.15477 -0.00433468 -0.998566 0.0533508 -2.04767 -0.833827 0.0330599 0.551035 -2.17938
-0.548714 -0.0349028 -0.835281 -5.10088 -0.0080624 -0.998861 0.0470345 -2.02883 -0.835971 0.0325429 0.547808 -2.68542
-0.549338 -0.0341188 -0.834903 -6.05299 -0.0114763 -0.998764 0.0483661 -2.01467 -0.835521 0.0361509 0.548268 -3.1963
-0.548249 -0.0285767 -0.835827 -7.00618 -0.0158155 -0.998883 0.0445254 -1.99919 -0.836166 0.03763 0.547184 -3.7062
-0.547516 -0.0253224 -0.836412 -7.95072 -0.0215085 -0.998786 0.0443177 -1.99243 -0.836518 0.0422546 0.546307 -4.20942
-0.549261 -0.0216439 -0.835371 -8.89154 -0.0233135 -0.998879 0.041209 -1.98916 -0.835326 0.0421099 0.54814 -4.71367
-0.546959 -0.019403 -0.836935 -9.8486 -0.0260819 -0.998851 0.040202 -1.99421 -0.836753 0.0438177 0.545824 -5.22635
-0.543233 -0.0154165 -0.83944 -10.7952 -0.0300752 -0.998832 0.0378065 -1.99871 -0.839043 0.0457841 0.542135 -5.7381
-0.54597 -0.0119571 -0.837719 -11.7427 -0.03407 -0.998754 0.0364603 -2.00607 -0.837111 0.0484474 0.544883 -6.24976
-0.544062 -0.00894119 -0.838997 -12.6783 -0.036231 -0.99876 0.0341384 -2.02261 -0.838262 0.0489711 0.543064 -6.75761
-0.544909 -0.0178513 -0.838305 -13.6192 -0.0278318 -0.998837 0.0393607 -2.02129 -0.838033 0.0447796 0.543779 -7.2647
-0.544665 -0.0233509 -0.838329 -14.5358 -0.0240066 -0.998769 0.043417 -2.02516 -0.83831 0.0437731 0.543433 -7.76543
-0.547366 -0.0315211 -0.836299 -15.4698 -0.0203544 -0.998493 0.0509566 -2.01936 -0.836646 0.0449143 0.5459 -8.2673
-0.542358 -0.0592431 -0.838056 -16.3935 0.00189738 -0.997595 0.0692931 -1.98116 -0.840145 0.0359916 0.541166 -8.77102
-0.540173 -0.065383 -0.839011 -17.3396 0.0116355 -0.997462 0.0702398 -1.94026 -0.841474 0.0281793 0.539563 -9.29142
-0.537743 -0.0643573 -0.840649 -18.2651 0.011171 -0.997539 0.0692224 -1.89472 -0.843035 0.027833 0.537139 -9.7959
-0.542497 -0.0836816 -0.835879 -19.1944 0.0322978 -0.996368 0.0787868 -1.83003 -0.839436 0.0157446 0.54323 -10.3043
-0.536024 -0.108907 -0.837148 -20.1189 0.0588241 -0.994052 0.0916546 -1.73517 -0.842151 -0.00011542 0.539242 -10.8099
-0.536031 -0.104889 -0.837657 -21.0664 0.0574147 -0.994483 0.0877862 -1.62139 -0.842243 -0.00103762 0.539097 -11.3337
-0.533245 -0.107266 -0.839133 -22.0182 0.0530197 -0.994216 0.0933974 -1.52119 -0.844298 0.00531318 0.535848 -11.8582
-0.534875 -0.102583 -0.838681 -22.9667 0.0524922 -0.994719 0.0881916 -1.42631 -0.843299 0.00314725 0.537435 -12.3824
-0.531912 -0.104483 -0.840329 -23.9207 0.0527636 -0.99452 0.0902558 -1.33352 -0.845154 0.00366929 0.53451 -12.9071
-0.529176 -0.100904 -0.842491 -24.8676 0.0535203 -0.994896 0.0855402 -1.24641 -0.846823 0.00017547 0.531875 -13.4337
-0.523379 -0.104134 -0.845713 -25.8183 0.0556786 -0.994563 0.0880048 -1.14531 -0.850279 -0.00102825 0.526331 -13.9626
-0.525625 -0.108548 -0.843763 -26.7665 0.0574478 -0.994091 0.0921001 -1.0426 -0.848774 -6.21804e-05 0.528755 -14.4954
-0.522908 -0.114023 -0.844728 -27.7095 0.0657999 -0.993455 0.0933666 -0.929849 -0.849846 -0.00676093 0.526988 -15.0247
-0.52482 -0.117477 -0.843067 -28.6521 0.0679051 -0.993052 0.0961046 -0.817996 -0.8485 -0.00681095 0.529151 -15.5505
-0.521548 -0.120042 -0.844735 -29.5958 0.0729284 -0.992702 0.0960426 -0.695683 -0.850099 -0.0115143 0.526497 -16.0806
-0.518529 -0.123935 -0.846031 -30.5358 0.0751798 -0.992216 0.0992722 -0.572611 -0.851749 -0.012129 0.52381 -16.6087
-0.520704 -0.126615 -0.844296 -31.4724 0.0782998 -0.991856 0.100454 -0.440564 -0.850139 -0.0138013 0.526377 -17.1376
-0.497209 -0.241129 -0.833451 -32.1108 0.192035 -0.967365 0.165311 -0.312531 -0.846112 -0.0778576 0.527287 -17.4988
-0.461802 -0.366023 -0.807939 -32.2609 0.302962 -0.921194 0.244163 -0.186846 -0.833638 -0.13202 0.5363 -17.6025
-0.37762 -0.536264 -0.754867 -32.3741 0.484829 -0.809053 0.332225 -0.0457429 -0.788888 -0.240527 0.565511 -17.6693
-0.339428 -0.605366 -0.719945 -32.5137 0.565431 -0.742977 0.358152 0.13289 -0.751716 -0.285513 0.59448 -17.7403
-0.229734 -0.713185 -0.662261 -32.6208 0.669645 -0.609616 0.424197 0.300569 -0.706256 -0.346027 0.617631 -17.8008
-0.141076 -0.778088 -0.612108 -32.6522 0.725781 -0.501791 0.470583 0.473606 -0.673305 -0.377868 0.635513 -17.8337
-0.0866086 -0.805371 -0.58641 -32.9499 0.781067 -0.420276 0.461846 1.12941 -0.618412 -0.418026 0.665448 -17.9947
0.00808074 -0.86224 -0.506435 -32.971 0.81571 -0.28726 0.502095 1.36236 -0.578405 -0.417161 0.701017 -18.0209
0.0811874 -0.868425 -0.489129 -33.0767 0.851385 -0.194733 0.487055 2.00419 -0.51822 -0.45598 0.723554 -18.0819
0.183764 -0.888924 -0.419577 -33.0561 0.859982 -0.0613479 0.506624 2.44963 -0.47609 -0.453927 0.753185 -18.0876
0.229847 -0.899875 -0.370668 -33.0524 0.861256 0.010708 0.508058 3.33759 -0.45322 -0.436016 0.777484 -18.1021
0.243483 -0.890293 -0.38483 -33.0315 0.861901 0.0166525 0.506803 4.42476 -0.444794 -0.455084 0.771399 -18.1138
0.227982 -0.890152 -0.39453 -33.0244 0.862004 -0.00388721 0.506886 5.44569 -0.45274 -0.455647 0.766428 -18.1337
0.224087 -0.891528 -0.393654 -33.0249 0.863837 -0.00530163 0.503744 6.46466 -0.451189 -0.452935 0.768946 -18.166
0.123827 -0.858911 -0.49693 -33.1058 0.858314 -0.158595 0.488 7.01896 -0.497959 -0.486949 0.717577 -18.2209
0.0188773 -0.82396 -0.566334 -33.2108 0.831607 -0.301512 0.46639 7.33916 -0.555043 -0.479772 0.679519 -18.2874
-0.0590621 -0.787722 -0.613193 -33.3799 0.795134 -0.408512 0.448197 7.87214 -0.603551 -0.461099 0.650472 -18.3927
-0.130105 -0.716956 -0.684869 -33.5004 0.742645 -0.528122 0.411784 8.05745 -0.656926 -0.45504 0.601155 -18.4787
-0.224163 -0.659409 -0.717587 -33.6526 0.678179 -0.634341 0.371059 8.22095 -0.699874 -0.403475 0.589393 -18.5578
-0.302475 -0.57332 -0.761454 -33.8079 0.602468 -0.734053 0.313368 8.36574 -0.738608 -0.363965 0.56744 -18.6591
-0.361249 -0.506487 -0.782924 -34.1305 0.525477 -0.804184 0.277781 8.63994 -0.770307 -0.31106 0.556658 -18.8357
-0.438188 -0.36197 -0.822781 -34.4059 0.381889 -0.903588 0.194137 8.78237 -0.813727 -0.229143 0.534174 -18.9975
-0.473794 -0.254321 -0.843113 -34.6171 0.284478 -0.950263 0.126777 8.8179 -0.833421 -0.179781 0.522578 -19.1197
-0.502584 -0.131901 -0.854407 -35.0107 0.152461 -0.986326 0.0625843 8.90653 -0.850978 -0.0988102 0.515822 -19.3421
-0.521722 0.0283584 -0.852644 -35.1955 0.00154716 -0.999414 -0.0341866 8.88095 -0.853114 -0.0191551 0.521373 -19.4534
-0.518415 0.135899 -0.844261 -35.2827 -0.114623 -0.989425 -0.0888823 8.84905 -0.847412 0.0506939 0.52851 -19.4953
-0.478435 0.340044 -0.809611 -35.4189 -0.302809 -0.929315 -0.211377 8.75347 -0.824262 0.144027 0.547585 -19.5863
-0.44484 0.441962 -0.778966 -35.4773 -0.407164 -0.874479 -0.263636 8.68796 -0.797706 0.199891 0.568954 -19.6118
-0.341238 0.606376 -0.718237 -35.5697 -0.563397 -0.74358 -0.3601 8.5242 -0.752423 0.281773 0.595368 -19.6677
-0.232969 0.732329 -0.63986 -35.6372 -0.700079 -0.582982 -0.412337 8.34048 -0.674992 0.351891 0.648504 -19.6857
-0.15084 0.78753 -0.597532 -35.6582 -0.765712 -0.475381 -0.433242 8.25108 -0.625246 0.392187 0.674727 -19.6945
0.0109104 0.86706 -0.498084 -35.6658 -0.849343 -0.254849 -0.462243 8.09689 -0.527729 0.428087 0.733651 -19.6886
0.182393 0.88421 -0.430007 -35.6431 -0.888656 -0.0388988 -0.456922 7.96576 -0.420742 0.465467 0.778663 -19.6782
0.287969 0.885498 -0.364647 -35.6155 -0.88296 0.0980926 -0.459085 7.91384 -0.37075 0.454171 0.810107 -19.6639
0.467822 0.832762 -0.296056 -35.5465 -0.84628 0.325479 -0.42175 7.83639 -0.254857 0.447851 0.857017 -19.629
0.55429 0.797777 -0.237307 -35.5046 -0.804581 0.440576 -0.398175 7.81201 -0.213103 0.411637 0.886083 -19.6
0.712726 0.683255 -0.158694 -35.4102 -0.688625 0.638508 -0.343661 7.76364 -0.133481 0.354217 0.925588 -19.5455
0.801663 0.590133 -0.0952877 -35.281 -0.591784 0.760967 -0.265933 7.72243 -0.0844253 0.269579 0.95927 -19.4671
0.842835 0.531238 -0.0861164 -34.851 -0.535214 0.810647 -0.237479 7.33572 -0.0563479 0.246247 0.967568 -19.203
0.829678 0.546938 -0.111774 -34.1511 -0.555498 0.789054 -0.262326 6.69352 -0.0552801 0.279737 0.958484 -18.7881
0.755029 0.630607 -0.179626 -34.0183 -0.646667 0.670859 -0.363 6.42919 -0.108406 0.390234 0.914311 -18.7095
0.694465 0.686577 -0.215247 -33.9067 -0.704255 0.587289 -0.398895 6.18483 -0.14746 0.428607 0.891376 -18.6506
0.601347 0.753606 -0.265442 -33.7285 -0.771429 0.461126 -0.438473 5.76546 -0.208034 0.468444 0.858651 -18.5578
0.514065 0.794577 -0.323086 -33.74 -0.821352 0.347433 -0.452407 5.65363 -0.247221 0.497934 0.83123 -18.5553
0.401261 0.831733 -0.383679 -33.7542 -0.859797 0.197594 -0.470856 5.43203 -0.315814 0.518822 0.794409 -18.5649
0.300867 0.861027 -0.410013 -33.7073 -0.885822 0.0930539 -0.4546 5.03709 -0.35327 0.499973 0.790714 -18.5066
0.231446 0.853641 -0.466616 -33.7282 -0.88241 -0.0177444 -0.470146 4.94241 -0.409616 0.52056 0.749154 -18.5219
0.168536 0.859486 -0.482576 -33.8194 -0.880681 -0.0885895 -0.465352 4.43524 -0.442715 0.503424 0.742003 -18.5616
0.190603 0.865217 -0.463756 -33.8868 -0.884941 -0.0530444 -0.462673 3.40851 -0.424912 0.498584 0.755555 -18.5734
