1 -0.000171966 -0.00043857 0.00873375 0.000171724 1 -0.000551059 -1.12462e-05 0.000438665 0.000550984 1 0.0030998
0.999875 0.000132122 0.0158199 0.810561 -0.00018103 0.999995 0.00309015 0.00031431 -0.0158195 -0.00309263 0.99987 0.414887
0.999827 -0.00588942 0.017636 1.71618 0.00579519 0.999969 0.00538943 0.000978404 -0.0176672 -0.00528629 0.99983 0.887547
0.999105 0.040047 0.0136484 2.6429 -0.039689 0.998885 -0.0255627 -0.0425972 -0.0146569 0.0249981 0.99958 1.36984
0.999123 0.0387161 0.015946 3.53388 -0.0382948 0.99893 -0.0259309 -0.096012 -0.0169329 0.0252975 0.999537 1.83914
0.999256 0.0340555 0.0181284 4.44661 -0.0336139 0.999144 -0.0241287 -0.141264 -0.0189346 0.0235014 0.999544 2.32306
0.999075 0.0385975 0.0189752 5.38057 -0.0381055 0.998945 -0.0256392 -0.184894 -0.0199448 0.0248924 0.999491 2.81729
0.984765 0.173142 0.0160961 5.67087 -0.170355 0.979178 -0.110406 -0.260449 -0.0348769 0.105982 0.993756 2.96461
0.961833 0.273614 0.003556 5.84515 -0.26785 0.944072 -0.192312 -0.390837 -0.0559763 0.184019 0.981327 3.03892
0.918235 0.394587 -0.0338423 5.98922 -0.390704 0.888587 -0.240341 -0.516966 -0.0647638 0.233912 0.970098 3.12946
0.89096 0.450581 -0.0562827 6.57436 -0.446603 0.847122 -0.287977 -0.921592 -0.0820786 0.281712 0.955982 3.44517
0.830108 0.548158 -0.102197 6.69892 -0.54765 0.767007 -0.334335 -1.09507 -0.104882 0.333502 0.936897 3.50817
0.743754 0.654332 -0.136673 6.79814 -0.65037 0.661109 -0.374103 -1.29318 -0.154432 0.367129 0.917261 3.56948
0.654826 0.729804 -0.196439 7.18281 -0.729428 0.542239 -0.417028 -1.91578 -0.197832 0.416369 0.887412 3.79572
0.570482 0.782228 -0.25034 7.2323 -0.780189 0.420894 -0.462767 -2.14059 -0.256623 0.459313 0.850398 3.80116
0.516543 0.807097 -0.285967 7.28299 -0.814798 0.360641 -0.453918 -2.4494 -0.263225 0.467474 0.843908 3.85549
0.447802 0.8231 -0.349257 7.4839 -0.838694 0.251266 -0.483175 -3.19844 -0.309945 0.509286 0.802846 3.96181
0.361952 0.844856 -0.393966 7.47472 -0.864665 0.14635 -0.480557 -3.51843 -0.348345 0.514588 0.783489 3.97376
0.31642 0.850764 -0.419617 7.54358 -0.873357 0.0885904 -0.478956 -4.1768 -0.370305 0.518027 0.771053 4.0201
0.219141 0.852603 -0.47439 7.48231 -0.883861 -0.0324559 -0.466623 -4.39533 -0.413241 0.521551 0.746469 3.98818
0.25591 0.873007 -0.415173 7.48057 -0.88728 0.0416437 -0.459348 -5.04939 -0.383724 0.485926 0.785259 4.02212
0.263144 0.871801 -0.41318 7.52264 -0.884855 0.04744 -0.463445 -6.05411 -0.384431 0.487557 0.783901 4.06496
0.192805 0.85263 -0.485642 7.47775 -0.876662 -0.0726469 -0.47559 -6.38572 -0.440783 0.51744 0.733462 4.03176
0.0950846 0.838726 -0.536188 7.39524 -0.866295 -0.195629 -0.459634 -6.58818 -0.490401 0.508201 0.707982 3.98687
-0.0299765 0.809898 -0.585804 7.30068 -0.829089 -0.347502 -0.438011 -6.7828 -0.558312 0.472554 0.681895 3.93944
-0.128291 0.764124 -0.632183 7.11144 -0.793177 -0.461709 -0.397109 -7.04591 -0.595325 0.450487 0.665319 3.85973
-0.213311 0.696961 -0.684648 6.97162 -0.730223 -0.579295 -0.362204 -7.20172 -0.649056 0.422684 0.632507 3.7866
-0.293401 0.620819 -0.72698 6.8066 -0.653667 -0.685184 -0.321313 -7.32785 -0.697592 0.38093 0.606842 3.68771
-0.339022 0.555388 -0.759347 6.55098 -0.610174 -0.744163 -0.271861 -7.50464 -0.716067 0.371167 0.591171 3.57275
-0.390053 0.447701 -0.804626 6.21598 -0.509715 -0.832724 -0.216244 -7.74663 -0.766844 0.325783 0.553006 3.38631
-0.45129 0.35329 -0.819465 6.02762 -0.423614 -0.893046 -0.151723 -7.78999 -0.785422 0.278666 0.552682 3.29417
-0.484148 0.339313 -0.806516 5.2795 -0.395062 -0.907215 -0.144525 -8.20665 -0.780722 0.248653 0.573276 2.92487
-0.529367 0.180601 -0.828948 5.15979 -0.209725 -0.974612 -0.078406 -8.21939 -0.822062 0.132345 0.553803 2.8542
-0.562967 0.080715 -0.822529 5.06789 -0.119106 -0.992754 -0.0158994 -8.20096 -0.817852 0.0890169 0.568501 2.816
-0.56208 0.0194423 -0.826854 5.04357 -0.0490561 -0.998747 0.00986323 -8.19834 -0.825627 0.0461062 0.562329 2.81651
-0.567732 0.0430617 -0.822086 5.00932 -0.0708224 -0.997483 -0.00333933 -8.21479 -0.820161 0.0563263 0.569353 2.816
-0.570697 0.0112992 -0.821083 4.72091 -0.0288907 -0.999563 0.00632529 -8.22963 -0.820652 0.0273315 0.570774 2.66035
-0.489108 -0.0344933 -0.871541 4.28706 -0.0501051 -0.996457 0.067556 -8.19387 -0.870783 0.0767108 0.485647 2.37639
-0.329224 -0.0386862 -0.943459 4.25341 -0.0328438 -0.998087 0.0523872 -8.19073 -0.94368 0.0482339 0.327324 2.2364
-0.333459 -0.0186522 -0.94258 4.14155 -0.0337223 -0.998928 0.0316973 -8.21895 -0.942161 0.0423557 0.332473 2.16891
-0.156767 -0.0327532 -0.987092 4.05131 -0.0173744 -0.999204 0.0359144 -8.21098 -0.987483 0.0227803 0.156073 1.93693
-0.12907 -0.0549013 -0.990114 3.91047 0.00372254 -0.998486 0.0548803 -8.20285 -0.991628 0.00339768 0.129079 1.76296
0.0736121 -0.0175191 -0.997133 3.86733 0.0250599 -0.999497 0.0194106 -8.20527 -0.996972 -0.026417 -0.0731361 1.5245
-0.13252 -0.0547954 -0.989665 3.80453 0.0276916 -0.998286 0.0515648 -8.16221 -0.990793 -0.020572 0.13381 1.36948
-0.0554077 -0.0162712 -0.998331 3.71424 0.0417407 -0.999031 0.0139659 -8.20897 -0.997591 -0.0408972 0.0560332 1.3723
0.0180149 -0.0270576 -0.999472 3.69562 -0.0187015 -0.999468 0.0267204 -8.21587 -0.999663 0.0182103 -0.0185113 1.16175
-0.0983067 -0.0570938 -0.993517 3.67758 -0.0250821 -0.997894 0.0598271 -8.18459 -0.99484 0.0308009 0.0966676 1.1543
-0.0312882 -0.00972767 -0.999463 3.53146 0.0237534 -0.999677 0.00898616 -8.21959 -0.999228 -0.0234595 0.0315092 1.06424
-0.0192275 0.0343214 -0.999226 3.50911 -0.0486576 -0.998259 -0.0333519 -8.2285 -0.99863 0.0479786 0.020864 0.818814
-0.138499 0.0767046 -0.987388 3.46748 -0.0580929 -0.995909 -0.0692179 -8.23139 -0.988657 0.0477736 0.142389 0.797304
0.00858005 0.00939192 -0.999919 3.37463 -0.0462125 -0.998884 -0.00977873 -8.21308 -0.998895 0.0462926 -0.00813645 0.656419
-0.144516 0.0163567 -0.989367 3.29409 -0.0435912 -0.998998 -0.0101486 -8.19774 -0.988542 0.041661 0.145085 0.492626
-0.000281939 -0.0832316 -0.99653 3.2303 -0.0652324 -0.994406 0.0830726 -8.13829 -0.99787 0.0650295 -0.00514903 0.431198
-0.0686539 -0.0230541 -0.997374 3.15587 -0.0408324 -0.99883 0.0258985 -8.14995 -0.996805 0.0425032 0.0676323 0.350175
-0.101647 -0.0481094 -0.993657 3.05718 -0.00477104 -0.998795 0.0488462 -8.16678 -0.994809 0.00970587 0.101295 0.306902
0.0131645 -0.0519532 -0.998563 3.02436 -0.000401283 -0.998649 0.0519524 -8.1804 -0.999913 -0.000283222 -0.0131676 0.0590628
-0.136097 -0.0559858 -0.989112 2.9804 0.0155599 -0.9984 0.0543705 -8.15131 -0.990573 -0.00799084 0.136751 -0.00893138
0.030768 -0.0418236 -0.998651 2.86441 0.0295139 -0.998651 0.0427329 -8.14818 -0.999091 -0.0307889 -0.0294921 -0.197757
-0.150989 -0.0653076 -0.986376 2.8239 0.0275288 -0.997706 0.0618438 -8.11654 -0.988152 -0.017816 0.152441 -0.261976
0.00350617 -0.0183254 -0.999826 2.72318 0.0406662 -0.999002 0.0184529 -8.1657 -0.999167 -0.0407238 -0.00275745 -0.367406
-0.144277 -0.0512568 -0.988209 2.64233 0.0282271 -0.998464 0.0476676 -8.13192 -0.989135 -0.0210169 0.145502 -0.528785
0.00781458 -0.0995492 -0.995002 2.5352 0.00497557 -0.995016 0.0995897 -8.12435 -0.999957 -0.00572896 -0.00728032 -0.708386
-0.1231 -0.0528055 -0.990988 2.47855 0.0163356 -0.998556 0.0511796 -8.0905 -0.99226 -0.00988821 0.123785 -0.815846
0.00851635 -0.0969507 -0.995253 2.37275 0.0159385 -0.995149 0.097077 -8.10133 -0.999837 -0.0166896 -0.00692979 -0.984082
-0.128379 -0.0743151 -0.988937 2.33093 0.0499697 -0.996406 0.0683896 -8.07136 -0.990465 -0.040637 0.131632 -1.07857
0.0400044 -0.0423746 -0.998301 2.19615 0.0503052 -0.997748 0.044367 -8.08609 -0.997932 -0.0519946 -0.0377826 -1.2225
-0.122842 -0.10447 -0.986912 2.15739 0.0409469 -0.994131 0.100137 -8.03863 -0.991581 -0.0281099 0.126399 -1.34067
-0.339209 -0.116178 -0.933509 1.91472 0.0677453 -0.992785 0.0989388 -8.00659 -0.938269 -0.0296799 0.344632 -1.33551
-0.552844 -0.106209 -0.826489 1.7173 0.0860869 -0.993816 0.070128 -7.98708 -0.828826 -0.0323801 0.558569 -1.41751
-0.530213 -0.2481 -0.810753 1.53837 0.22965 -0.962509 0.144354 -7.89463 -0.816171 -0.109651 0.567311 -1.48257
-0.453552 -0.448331 -0.770253 1.4269 0.438481 -0.864675 0.245097 -7.7805 -0.775903 -0.226576 0.58876 -1.53227
-0.404537 -0.544941 -0.734431 1.39134 0.506737 -0.802089 0.316024 -7.70232 -0.761293 -0.24432 0.600617 -1.5499
-0.335588 -0.634438 -0.696325 1.36884 0.603573 -0.712343 0.358145 -7.63659 -0.723243 -0.300093 0.621983 -1.56086
-0.21025 -0.767284 -0.605863 1.34534 0.731688 -0.534509 0.423005 -7.5247 -0.648404 -0.354366 0.673793 -1.58082
-0.110938 -0.815505 -0.568018 1.33867 0.788701 -0.419994 0.448948 -7.48179 -0.604684 -0.398191 0.689783 -1.5846
0.0845398 -0.878025 -0.471089 1.3543 0.868463 -0.166851 0.466832 -7.38992 -0.488492 -0.448589 0.748427 -1.57909
0.171542 -0.896841 -0.407737 1.3949 0.866401 -0.0596764 0.49577 -7.33214 -0.468959 -0.438309 0.766787 -1.57258
0.270065 -0.901312 -0.338677 1.42956 0.878029 0.0861873 0.470783 -7.2406 -0.395133 -0.42451 0.814654 -1.55464
0.287081 -0.896177 -0.338308 1.47931 0.876906 0.103734 0.469335 -6.2932 -0.385513 -0.431401 0.815643 -1.5163
0.462147 -0.850509 -0.251105 1.54937 0.830635 0.315989 0.458471 -6.15555 -0.310587 -0.420458 0.852497 -1.49453
0.56611 -0.797815 -0.207388 1.60322 0.786365 0.447197 0.426199 -6.10439 -0.247285 -0.404358 0.880536 -1.47262
0.723524 -0.682516 -0.103369 1.72913 0.666241 0.651245 0.363321 -6.02746 -0.180654 -0.33174 0.925912 -1.41288
0.789748 -0.609201 -0.0719126 1.7895 0.598934 0.740433 0.305018 -6.00727 -0.132571 -0.283958 0.949628 -1.38469
0.90434 -0.42605 -0.0255055 1.89223 0.421011 0.880632 0.217343 -5.98686 -0.070138 -0.20729 0.975762 -1.32016
0.944201 -0.329356 0.00305744 1.95059 0.324548 0.93192 0.161843 -5.97878 -0.0561533 -0.15182 0.986812 -1.28798
0.972199 -0.232278 0.0296145 2.01622 0.22899 0.969532 0.0870108 -6.00002 -0.0489229 -0.0778103 0.995767 -1.25691
0.990906 -0.134414 0.00620452 2.19751 0.133945 0.989739 0.0497448 -5.99125 -0.0128273 -0.0484613 0.998743 -1.13305
0.999919 -0.00674069 0.0108015 2.26961 0.00672664 0.999976 0.0013369 -6.00553 -0.0108102 -0.00126413 0.999941 -1.09651
0.999075 -0.0383089 0.0195547 2.57841 0.0389339 0.998708 -0.0326499 -6.01414 -0.0182787 0.033381 0.999276 -0.943874
0.993344 0.00136392 0.115178 2.72342 0.00970827 0.995381 -0.0955152 -6.07024 -0.114776 0.0959976 0.988742 -0.9335
0.966365 0.0315591 0.25523 2.85534 -0.0443278 0.998029 0.0444304 -6.07221 -0.253325 -0.0542498 0.965859 -0.993987
0.977492 -0.000244979 0.210974 3.0288 0.00817772 0.999292 -0.036729 -6.02743 -0.210815 0.0376275 0.976801 -0.947195
0.930274 0.0230519 0.366141 3.13244 -0.00118606 0.998208 -0.0598329 -6.07628 -0.366864 0.0552267 0.928634 -0.968149
0.902106 0.0470173 0.428946 3.4331 -0.02335 0.997909 -0.0602751 -6.07702 -0.430883 0.0443586 0.901317 -0.956085
0.828789 0.0670231 0.555533 3.60314 -0.0442798 0.997543 -0.05429 -6.09836 -0.557806 0.0203961 0.829721 -1.03902
0.899014 0.0882004 0.428946 3.78682 -0.0519777 0.994075 -0.0954646 -6.1259 -0.434825 0.0635284 0.898272 -1.03974
0.818194 0.10182 0.565855 3.95325 -0.0289438 0.99024 -0.136332 -6.11636 -0.574214 0.0951682 0.813155 -1.06947
0.899797 0.102124 0.424189 4.04919 -0.0619528 0.992276 -0.107475 -6.1852 -0.431888 0.0704262 0.899173 -1.04084
0.841678 0.0872834 0.532878 4.15617 -0.0626412 0.995969 -0.0641945 -6.16449 -0.536334 0.020651 0.843753 -1.05155
0.877764 0.100196 0.468498 4.3701 -0.0516537 0.991978 -0.115374 -6.17944 -0.4763 0.0770718 0.875899 -1.08345
0.827804 0.0598698 0.557814 4.49252 -0.0552445 0.998156 -0.0251478 -6.13499 -0.558291 -0.00999871 0.829585 -1.05534
0.829825 0.0807398 0.552152 4.62371 -0.0267295 0.994093 -0.105192 -6.18024 -0.557383 0.0725323 0.827081 -1.08411
0.899997 0.075931 0.429232 4.60023 -0.0347874 0.994082 -0.102912 -6.20061 -0.434506 0.0776883 0.897312 -1.03112
0.85927 0.064621 0.507425 4.7504 -0.0537903 0.997903 -0.0359957 -6.14883 -0.508687 0.00363546 0.860944 -1.04583
0.82148 0.0672754 0.566254 4.97507 -0.0340295 0.99703 -0.0690874 -6.16762 -0.56922 0.0374846 0.82133 -1.14484
0.8977 0.0799864 0.433287 4.99776 -0.04614 0.995043 -0.0880943 -6.19891 -0.438185 0.0590904 0.89694 -1.09942
0.820804 0.0878941 0.564407 5.17171 -0.0426446 0.994762 -0.0928956 -6.15852 -0.569615 0.0521802 0.820253 -1.1169
0.902976 0.102487 0.417289 5.3048 -0.0655075 0.992621 -0.102038 -6.21506 -0.424668 0.0648024 0.903027 -1.10768
0.839132 0.0954002 0.535496 5.42792 -0.0823372 0.995433 -0.0483153 -6.17843 -0.53766 -0.00354832 0.843155 -1.09713
0.830677 0.105571 0.546654 5.59065 -0.0636392 0.993427 -0.0951489 -6.20548 -0.553106 0.0442494 0.831935 -1.15697
0.899679 0.113681 0.421492 5.61069 -0.075169 0.991419 -0.106948 -6.24024 -0.430033 0.0645357 0.900504 -1.10604
0.800201 0.0946295 0.592219 5.7769 -0.0869521 0.995345 -0.0415555 -6.18793 -0.593395 -0.018242 0.804705 -1.13481
0.850632 0.10308 0.515558 5.90939 -0.0590041 0.993114 -0.10121 -6.21748 -0.52244 0.0556727 0.850856 -1.16836
0.887216 0.118834 0.445786 5.95166 -0.0866363 0.991982 -0.0920088 -6.24727 -0.453146 0.0430104 0.890398 -1.09941
0.81512 0.130924 0.564304 6.14159 -0.0880922 0.990811 -0.102631 -6.21111 -0.572555 0.0339462 0.819163 -1.17124
0.895892 0.146742 0.419337 6.22287 -0.109741 0.987722 -0.111184 -6.2764 -0.430504 0.0535907 0.900996 -1.13711
0.806588 0.119129 0.578985 6.39818 -0.108766 0.992668 -0.0527239 -6.23418 -0.581021 -0.0204472 0.813632 -1.16542
0.894764 0.141604 0.423493 6.53903 -0.109934 0.989052 -0.0984403 -6.26659 -0.432796 0.0415244 0.900535 -1.16906
0.808969 0.132898 0.572632 6.76607 -0.101857 0.991065 -0.0861137 -6.2349 -0.578959 0.0113368 0.815278 -1.19865
0.870672 0.138112 0.472075 6.85989 -0.0923226 0.988598 -0.118953 -6.28108 -0.483122 0.0599855 0.873496 -1.20282
0.962593 0.147037 0.227584 6.99712 -0.117147 0.983232 -0.139758 -6.32921 -0.244318 0.107869 0.963677 -1.03085
0.956942 0.208168 0.202307 7.11764 -0.181683 0.973069 -0.141872 -6.38963 -0.226392 0.0990078 0.968991 -0.964678
0.916666 0.391053 0.0824667 7.14888 -0.372879 0.911105 -0.17564 -6.4277 -0.14382 0.130253 0.980994 -0.942423
0.907374 0.420308 0.00367711 7.18039 -0.405356 0.877342 -0.256822 -6.52278 -0.111171 0.231543 0.966452 -0.906067
0.901259 0.429818 -0.0546706 7.30312 -0.427864 0.862989 -0.268669 -6.6433 -0.0682987 0.265532 0.96168 -0.832293
0.819169 0.566268 -0.091122 7.38897 -0.563791 0.765813 -0.309305 -6.71831 -0.105367 0.304746 0.946587 -0.794663
0.692271 0.70501 -0.154018 7.44548 -0.705018 0.615204 -0.352809 -6.81042 -0.153981 0.352825 0.922932 -0.764623
0.645586 0.741188 -0.184008 7.46819 -0.737242 0.542012 -0.403357 -6.94409 -0.19923 0.39606 0.89635 -0.749361
0.640778 0.746016 -0.181283 7.75101 -0.74039 0.538038 -0.402911 -7.42336 -0.203041 0.392397 0.897106 -0.585131
0.484149 0.831263 -0.273135 7.77272 -0.828631 0.335332 -0.448244 -7.56229 -0.281018 0.443345 0.851161 -0.578032
0.393814 0.855799 -0.335437 7.75725 -0.856531 0.209233 -0.471779 -7.63655 -0.333564 0.473106 0.815418 -0.595168
0.289202 0.876455 -0.384953 7.73056 -0.876495 0.0807688 -0.474587 -7.6998 -0.384862 0.474661 0.791567 -0.592055
0.0959775 0.861435 -0.498716 7.67225 -0.875075 -0.165756 -0.454719 -7.79925 -0.474376 0.480057 0.737911 -0.622445
-0.0820013 0.806655 -0.585306 7.6105 -0.808582 -0.397179 -0.434101 -7.87585 -0.582641 0.437671 0.684816 -0.649386
-0.182075 0.759047 -0.625057 7.57308 -0.760829 -0.511444 -0.399454 -7.90273 -0.622886 0.402831 0.670627 -0.67173
-0.269243 0.66236 -0.699133 7.46286 -0.693395 -0.637119 -0.336575 -7.95822 -0.668365 0.394155 0.630817 -0.716841
-0.380343 0.563946 -0.73301 7.10319 -0.572606 -0.765988 -0.292206 -8.35193 -0.726265 0.308587 0.614258 -0.88469
-0.461458 0.364 -0.809049 6.97482 -0.399398 -0.899546 -0.176911 -8.36394 -0.792173 0.241495 0.560483 -0.962893
-0.520521 0.260176 -0.813244 6.87978 -0.292166 -0.949224 -0.116677 -8.37276 -0.802307 0.176869 0.570105 -0.992901
-0.545767 0.183862 -0.817517 6.66646 -0.214457 -0.973785 -0.0758377 -8.42756 -0.810029 0.133933 0.57089 -1.09696
-0.55654 0.00394624 -0.830811 6.59817 -0.0521834 -0.99818 0.0302152 -8.3763 -0.82918 0.0601705 0.555733 -1.1516
-0.560172 -0.0217995 -0.82809 6.283 -0.0316207 -0.998362 0.0476721 -8.3622 -0.827773 0.0528894 0.558565 -1.29737
-0.396423 -0.0536688 -0.916498 6.16877 -0.0287377 -0.997075 0.0708175 -8.32193 -0.917618 0.0544117 0.393721 -1.47867
-0.376134 -0.0102574 -0.926509 6.07244 -0.0278191 -0.999363 0.0223576 -8.36358 -0.926148 0.0341841 0.375609 -1.68921
-0.0980157 -0.0159511 -0.995057 5.975 0.0100685 -0.999836 0.015036 -8.33486 -0.995134 -0.00854495 0.0981603 -1.89683
-0.146932 -0.0652172 -0.986994 5.7728 0.0118922 -0.997868 0.0641654 -8.33367 -0.989075 -0.00230956 0.147394 -2.07947
-0.00702967 -0.0789267 -0.996856 5.74404 0.0112238 -0.996824 0.078845 -8.32884 -0.999912 -0.0106342 0.0078932 -2.29796
-0.160447 -0.0964492 -0.982321 5.67102 0.0339417 -0.995165 0.0921664 -8.29688 -0.986461 -0.0185538 0.162945 -2.36902
-0.0300423 -0.0904099 -0.995451 5.61048 0.0283577 -0.995577 0.0895655 -8.28429 -0.999146 -0.0255379 0.0324733 -2.46443
-0.166028 -0.109722 -0.979998 5.54 -0.00922838 -0.993574 0.112805 -8.26649 -0.986078 0.0277726 0.163949 -2.60118
-0.0908361 -0.0239826 -0.995577 5.45235 -0.00826253 -0.999657 0.0248348 -8.28746 -0.995832 0.0104819 0.0906069 -2.65087
0.0135744 -0.083756 -0.996394 5.44787 -0.0349619 -0.995916 0.0832396 -8.29994 -0.999296 0.0337059 -0.0164472 -2.76029
-0.0759188 -0.0373913 -0.996413 5.39954 -0.047402 -0.998031 0.0410637 -8.27789 -0.995987 0.0503495 0.0739969 -2.82895
-0.146815 -0.0714315 -0.986581 5.28468 -0.00548691 -0.997315 0.0730252 -8.26816 -0.989149 0.0161345 0.146029 -2.81805
0.0116008 -0.0486524 -0.998748 5.2594 0.00700297 -0.998787 0.0487356 -8.27374 -0.999908 -0.00755958 -0.011246 -3.06151
-0.127918 -0.0678625 -0.98946 5.21085 -0.013057 -0.997455 0.0700988 -8.2363 -0.991699 0.0218862 0.126706 -3.17585
0.0453929 -0.0614839 -0.997075 5.08622 0.0167005 -0.997918 0.0622962 -8.2607 -0.99883 -0.0194794 -0.0442715 -3.25645
-0.156238 -0.0936077 -0.983274 5.02231 0.0281868 -0.995516 0.0902944 -8.20236 -0.987317 -0.013608 0.158176 -3.41166
-0.0626092 -0.0691561 -0.995639 4.92589 0.034795 -0.997141 0.0670724 -8.2377 -0.997431 -0.0304439 0.0648365 -3.44688
-0.0227078 -0.100772 -0.99465 4.88533 0.0134681 -0.994847 0.100485 -8.23253 -0.999651 -0.0111143 0.023948 -3.63573
-0.166261 -0.0953899 -0.981457 4.78235 0.021344 -0.995425 0.0931318 -8.20797 -0.985851 -0.00546413 0.167536 -3.62268
-0.0229417 -0.0552748 -0.998208 4.7536 0.0302664 -0.998051 0.0545705 -8.23043 -0.999279 -0.0289602 0.02457 -3.74598
-0.156405 -0.066781 -0.985433 4.69327 0.0406587 -0.997301 0.0611321 -8.1865 -0.986856 -0.030505 0.158698 -3.9407
-0.0389495 -0.0330006 -0.998696 4.5765 0.0272908 -0.999117 0.0319502 -8.21568 -0.998868 -0.0260108 0.0398157 -4.01908
-0.130967 -0.00534869 -0.991372 4.50593 -0.0505041 -0.998651 0.0120599 -8.20945 -0.990099 0.0516479 0.13052 -4.1907
-0.0796968 -0.0239717 -0.996531 4.39867 -0.00807 -0.999663 0.0246924 -8.19889 -0.996786 0.0100099 0.0794765 -4.23878
-0.110397 -0.035745 -0.993245 4.35984 -0.0317402 -0.998717 0.0394698 -8.18404 -0.993381 0.0358831 0.109121 -4.46825
0.0421221 -0.0266685 -0.998756 4.22676 0.0114522 -0.999565 0.0271731 -8.18379 -0.999047 -0.0125826 -0.0417984 -4.62205
-0.0823307 -0.0463328 -0.995527 4.16019 -0.016862 -0.998711 0.0478755 -8.18688 -0.996462 0.0207282 0.0814433 -4.80522
-0.110046 -0.0743504 -0.991142 4.05477 0.00419904 -0.997224 0.0743404 -8.13385 -0.993918 0.00401902 0.110053 -4.82409
0.0305328 -0.04794 -0.998383 4.04288 0.0181039 -0.998659 0.0485068 -8.14695 -0.99937 -0.0195557 -0.029624 -4.92096
-0.109995 -0.0672724 -0.991653 4.00318 -0.00212098 -0.997689 0.0679172 -8.13898 -0.99393 0.00957383 0.109598 -5.07294
-0.35497 -0.0791976 -0.931517 3.78028 0.00997856 -0.996669 0.0809343 -8.11383 -0.934824 0.0194341 0.354578 -4.98159
-0.545587 -0.0819349 -0.83404 3.58751 0.0253794 -0.996368 0.08128 -8.09902 -0.83767 0.0231779 0.545685 -5.03996
-0.543327 -0.210643 -0.812665 3.30141 0.199009 -0.972736 0.11908 -8.04431 -0.815592 -0.0970285 0.570434 -5.14014
-0.490833 -0.417619 -0.764642 3.23333 0.392999 -0.889402 0.233487 -7.9735 -0.777583 -0.185901 0.600671 -5.16352
-0.374869 -0.583755 -0.720211 3.19888 0.560374 -0.761558 0.325593 -7.87527 -0.738548 -0.281532 0.612606 -5.18701
-0.315214 -0.672592 -0.669523 3.19621 0.629613 -0.676081 0.382756 -7.82614 -0.71009 -0.300891 0.636583 -5.20994
-0.241603 -0.747594 -0.618653 3.21444 0.695732 -0.577884 0.426624 -7.76547 -0.676451 -0.327343 0.659743 -5.22239
-0.0658169 -0.848765 -0.524658 3.2327 0.799132 -0.359705 0.481664 -7.64716 -0.597542 -0.387569 0.70195 -5.23145
0.0597439 -0.896723 -0.438542 3.27753 0.842033 -0.190675 0.504602 -7.50177 -0.536107 -0.399414 0.743679 -5.2298
0.150293 -0.897439 -0.414748 3.10459 0.87166 -0.0776659 0.483919 -6.49371 -0.466499 -0.434249 0.770588 -5.22265
0.245391 -0.902691 -0.353456 3.12924 0.864494 0.03878 0.501145 -6.40621 -0.438672 -0.428537 0.789888 -5.20976
0.428648 -0.864392 -0.262845 3.22323 0.837408 0.270915 0.474714 -6.26882 -0.33913 -0.423594 0.839975 -5.18072
0.596968 -0.787085 -0.155326 3.33205 0.759457 0.492024 0.425601 -6.16841 -0.25856 -0.372034 0.89148 -5.1392
0.672149 -0.734107 -0.0964459 3.39146 0.708481 0.599837 0.371819 -6.13602 -0.215103 -0.318248 0.923281 -5.11602
0.812807 -0.581577 -0.0333731 3.50568 0.563428 0.770306 0.298626 -6.08484 -0.147966 -0.261528 0.953787 -5.05254
0.882474 -0.470213 -0.0118068 3.67373 0.458787 0.854952 0.242015 -6.01466 -0.103704 -0.218989 0.970201 -4.95779
0.955079 -0.295078 0.0274537 3.76161 0.286127 0.942282 0.173885 -5.98399 -0.077179 -0.158219 0.984383 -4.91877
0.994606 -0.0955337 0.0404126 3.83789 0.0934787 0.994365 0.0500063 -6.01802 -0.0449622 -0.0459589 0.997931 -4.88345
0.998513 -0.0300675 0.0454733 3.96192 0.0305073 0.999494 -0.00900764 -6.05853 -0.0451794 0.0103815 0.998925 -4.79207
0.997197 -0.00382168 0.0747183 4.45599 0.00785613 0.998522 -0.0537763 -6.07614 -0.0744024 0.0542126 0.995754 -4.57265
0.963363 -0.00362213 0.268178 4.71727 0.0032362 0.999993 0.00188113 -6.08302 -0.268183 -0.000944335 0.963367 -4.6018
0.952886 0.000355155 0.303329 4.93694 0.0157091 0.9986 -0.050518 -6.08124 -0.302922 0.0529029 0.951546 -4.60953
0.87448 0.0193868 0.484674 5.05616 -0.0276008 0.999571 0.00981655 -6.08963 -0.484276 -0.0219618 0.87464 -4.68784
0.90262 0.114096 0.41504 5.21888 -0.0765714 0.991412 -0.106016 -6.08397 -0.423572 0.0639119 0.903605 -4.7316
0.807695 0.165756 0.565821 5.39542 -0.117659 0.98568 -0.120797 -6.13849 -0.577741 0.030993 0.815632 -4.71303
0.882666 0.178139 0.434934 5.59158 -0.117249 0.97959 -0.163269 -6.17782 -0.455142 0.0931165 0.885537 -4.73647
0.8088 0.172272 0.562285 5.78364 -0.123432 0.984562 -0.124102 -6.15534 -0.574985 0.0309701 0.817578 -4.77167
0.880767 0.177438 0.439051 5.8863 -0.113785 0.979283 -0.167507 -6.19874 -0.459677 0.0975768 0.882709 -4.73041
0.836063 0.135792 0.531563 5.98917 -0.112622 0.990731 -0.0759532 -6.20326 -0.53695 0.00363594 0.843606 -4.72411
0.884305 0.11469 0.452604 6.16805 -0.0672441 0.99054 -0.11962 -6.19928 -0.462042 0.0753458 0.883652 -4.74643
0.842119 0.0840339 0.532705 6.28146 -0.0934775 0.995578 -0.00927927 -6.14669 -0.531129 -0.0419817 0.84625 -4.72021
0.877723 0.0422767 0.477301 6.4727 -0.0174452 0.998259 -0.05634 -6.17012 -0.478852 0.0411242 0.876932 -4.74985
0.834885 0.0807566 0.544468 6.61841 -0.0699261 0.996725 -0.0406118 -6.18226 -0.545965 -0.00416639 0.837798 -4.7246
0.898056 0.0910916 0.430346 6.81088 -0.0689471 0.995381 -0.0668124 -6.22314 -0.434444 0.0303302 0.900188 -4.7701
0.808432 0.0890516 0.581813 6.97712 -0.100394 0.994866 -0.0127753 -6.17011 -0.579964 -0.0480824 0.813222 -4.7754
0.859711 0.0855997 0.503557 7.12344 -0.0535626 0.99553 -0.0777841 -6.19913 -0.507965 0.0399 0.860453 -4.80478
0.889129 0.108144 0.444697 7.18225 -0.0886863 0.993975 -0.0644013 -6.22657 -0.448982 0.0178226 0.893363 -4.75009
0.830176 0.115824 0.545337 7.38288 -0.0632 0.991427 -0.114359 -6.22023 -0.553908 0.0604727 0.830379 -4.82474
0.900398 0.120366 0.418085 7.46121 -0.0875149 0.991433 -0.0969577 -6.26259 -0.426174 0.0507119 0.903219 -4.7992
0.823734 0.115315 0.555125 7.61293 -0.107969 0.993086 -0.0460788 -6.24457 -0.556601 -0.0219798 0.830489 -4.8053
0.858858 0.119541 0.498069 7.74987 -0.074153 0.99116 -0.110019 -6.2705 -0.506818 0.0575569 0.860129 -4.82909
0.887261 0.135282 0.440984 7.8035 -0.103503 0.990037 -0.095469 -6.28583 -0.449505 0.0390628 0.892423 -4.77342
0.814146 0.141706 0.563103 8.00184 -0.103435 0.989647 -0.0994975 -6.26043 -0.571373 0.0227609 0.820375 -4.84806
0.890499 0.147693 0.430346 8.06228 -0.120362 0.988621 -0.0902289 -6.3061 -0.438776 0.0285514 0.898143 -4.83657
0.801742 0.132716 0.582749 8.23281 -0.133925 0.990133 -0.04124 -6.26968 -0.582472 -0.0449811 0.811605 -4.83719
0.856186 0.134436 0.498872 8.39307 -0.0958651 0.990125 -0.10229 -6.29424 -0.507697 0.0397548 0.860618 -4.86429
0.884551 0.155288 0.439835 8.4321 -0.126799 0.987499 -0.0936395 -6.33731 -0.448878 0.0270581 0.893184 -4.80967
0.829584 0.140014 0.540543 8.6084 -0.110491 0.990072 -0.0868812 -6.30827 -0.547342 0.0123502 0.836818 -4.87559
0.89517 0.145494 0.421309 8.68922 -0.10442 0.987375 -0.119113 -6.34592 -0.43332 0.0626337 0.899061 -4.86333
0.877503 0.301305 0.373099 8.75523 -0.236903 0.94878 -0.209031 -6.40544 -0.416971 0.0950374 0.903937 -4.73044
0.891197 0.355828 0.281344 8.7863 -0.289259 0.923546 -0.251779 -6.47992 -0.349424 0.143004 0.925987 -4.70985
0.923057 0.335443 0.188265 8.86029 -0.273466 0.916455 -0.292107 -6.57525 -0.270522 0.218148 0.937672 -4.66956
0.915624 0.383743 0.119894 8.95002 -0.351774 0.909084 -0.223207 -6.5766 -0.194648 0.162198 0.96737 -4.60189
0.914624 0.404299 -0.0024958 9.09561 -0.393263 0.88819 -0.23762 -6.691 -0.0938528 0.218314 0.971355 -4.49109
0.840244 0.539606 -0.0530672 9.17997 -0.528671 0.793596 -0.301185 -6.80494 -0.120407 0.281124 0.952088 -4.44957
0.725558 0.673701 -0.140328 9.23186 -0.66765 0.639726 -0.380781 -6.95629 -0.166761 0.369968 0.913955 -4.42072
0.677559 0.715283 -0.171126 9.40515 -0.713412 0.582647 -0.389314 -7.2474 -0.178764 0.385866 0.905069 -4.31041
0.586075 0.782652 -0.209697 9.53652 -0.7795 0.473988 -0.409531 -7.53855 -0.221126 0.403475 0.887869 -4.23166
0.39393 0.866787 -0.305778 9.54664 -0.862961 0.234262 -0.447682 -7.67957 -0.316413 0.44023 0.840286 -4.22914
0.217912 0.881916 -0.418017 9.50535 -0.878331 -0.00951998 -0.477959 -7.82386 -0.425499 0.47131 0.77254 -4.26114
0.0617221 0.835022 -0.546744 9.42042 -0.855704 -0.237705 -0.459638 -7.95682 -0.513772 0.496221 0.69986 -4.30771
-0.0638691 0.817394 -0.572528 9.29875 -0.835668 -0.357404 -0.417038 -8.14075 -0.545508 0.451808 0.705897 -4.34379
-0.205989 0.74566 -0.633687 9.2286 -0.746565 -0.538399 -0.390854 -8.21768 -0.63262 0.392577 0.667588 -4.38439
-0.34039 0.599814 -0.724125 9.10138 -0.605442 -0.729039 -0.319284 -8.2607 -0.719427 0.329735 0.61131 -4.4684
-0.394829 0.488621 -0.778048 8.97187 -0.535935 -0.810332 -0.236929 -8.31022 -0.746246 0.323437 0.581812 -4.53218
-0.456574 0.424102 -0.782098 8.61641 -0.452892 -0.867443 -0.205992 -8.56446 -0.765787 0.260155 0.588124 -4.68909
-0.491565 0.329383 -0.806146 8.55265 -0.345233 -0.923567 -0.166847 -8.57971 -0.799487 0.196292 0.567707 -4.72315
-0.540117 0.110273 -0.834334 8.4326 -0.145566 -0.988677 -0.0364382 -8.55939 -0.828905 0.101769 0.550054 -4.79768
-0.574664 0.0379109 -0.817511 8.22165 -0.0820031 -0.996567 0.0114292 -8.55286 -0.814271 0.0736063 0.5758 -4.86842
-0.559893 -0.0129858 -0.828463 8.13681 -0.0377795 -0.998437 0.0411822 -8.5499 -0.827703 0.0543566 0.558528 -4.90533
-0.446852 -0.0468687 -0.893379 8.04245 -0.0511403 -0.995655 0.0778139 -8.51299 -0.893145 0.080459 0.442514 -5.02337
-0.334151 0.0418119 -0.941592 7.98211 -0.00253007 -0.999052 -0.0434655 -8.53238 -0.942516 -0.0121417 0.33394 -5.1618
-0.368057 0.00973153 -0.929752 7.8599 -0.0582726 -0.998221 0.0126199 -8.5583 -0.927976 0.058824 0.367969 -5.28314
-0.286147 -0.0790764 -0.954917 7.82573 -0.0520745 -0.993833 0.0979034 -8.49397 -0.95677 0.0777417 0.280265 -5.32241
-0.145341 -0.158478 -0.976607 7.81221 -0.00994195 -0.986804 0.161613 -8.45401 -0.989332 0.0331983 0.141847 -5.43205
-0.136928 -0.220368 -0.965758 7.75991 0.118986 -0.971541 0.204817 -8.43702 -0.983409 -0.0868664 0.159252 -5.56936
-0.1853 -0.0834158 -0.979135 7.67947 0.0301161 -0.996405 0.0791876 -8.5053 -0.98222 -0.0148143 0.187146 -5.53858
-0.17597 0.0753288 -0.981509 7.67432 -0.0820559 -0.99472 -0.0616314 -8.57668 -0.98097 0.0696934 0.181222 -5.53251
-0.0546317 0.142006 -0.988357 7.63003 -0.0627594 -0.988366 -0.138539 -8.63045 -0.996532 0.0544601 0.0629083 -5.69208
-0.104154 0.0675308 -0.992266 7.57751 -0.082735 -0.994822 -0.0590205 -8.59287 -0.991114 0.0759479 0.109201 -5.89492
-0.153115 -0.07201 -0.985581 7.49059 0.0347697 -0.997117 0.0674511 -8.5176 -0.987597 -0.0239406 0.155177 -5.93369
-0.00394341 -0.065446 -0.997848 7.43973 0.0397908 -0.997076 0.0652381 -8.51638 -0.9992 -0.0394479 0.00653602 -6.05486
-0.129914 -0.106412 -0.985799 7.37706 0.0323556 -0.99415 0.10305 -8.45113 -0.990997 -0.0185085 0.132597 -6.17579
-0.0368718 -0.000608757 -0.99932 7.26266 -0.0145326 -0.999894 0.00114532 -8.50803 -0.999214 0.014565 0.036859 -6.27148
-0.133223 -0.0253525 -0.990762 7.2299 -0.0420517 -0.998628 0.0312082 -8.45595 -0.990194 0.0458209 0.131974 -6.42066
0.0124268 -0.0266438 -0.999568 7.0879 -0.00829122 -0.999613 0.0265419 -8.47732 -0.999888 0.00795781 -0.0126429 -6.58318
-0.0914634 -0.000301282 -0.995808 7.04325 -0.0516755 -0.998651 0.00504846 -8.4888 -0.994467 0.0519207 0.0913245 -6.80398
-0.0739678 -0.0184501 -0.99709 6.90649 -0.0218347 -0.999559 0.0201156 -8.44928 -0.997022 0.023259 0.0735323 -6.84782
-0.137336 -0.0122338 -0.990449 6.83227 -0.0282407 -0.999469 0.0162611 -8.45322 -0.990122 0.0302042 0.136918 -7.09283
0.0150479 -0.0328968 -0.999345 6.726 0.00216443 -0.999455 0.032933 -8.44608 -0.999884 -0.00265859 -0.0149685 -7.18186
-0.16134 -0.0335625 -0.986328 6.64997 0.0185768 -0.999348 0.0309668 -8.4284 -0.986724 -0.0133266 0.161859 -7.35346
-0.0206526 -0.0724738 -0.997156 6.52829 0.0184244 -0.997227 0.0720973 -8.42119 -0.999617 -0.016883 0.0219307 -7.49035
-0.165644 -0.0686826 -0.983791 6.46909 0.0203306 -0.997598 0.0662234 -8.3991 -0.985976 -0.00903154 0.166642 -7.60757
0.0683615 -0.0573349 -0.996012 6.37437 0.0359204 -0.997559 0.0598894 -8.41277 -0.997014 -0.0398713 -0.0661351 -7.71931
-0.104421 -0.091469 -0.990318 6.3172 0.0209335 -0.995743 0.0897628 -8.38244 -0.994313 -0.0113577 0.105892 -7.82659
-0.0272952 -0.0530517 -0.998219 6.23144 0.0488516 -0.997468 0.051676 -8.39105 -0.998433 -0.047354 0.0298177 -7.91637
-0.152288 -0.124161 -0.980506 6.15127 0.0413862 -0.992009 0.11919 -8.33914 -0.987469 -0.0224282 0.156209 -8.08056
0.0233092 -0.103761 -0.994329 6.03326 0.0350803 -0.993902 0.104539 -8.36399 -0.999113 -0.037318 -0.0195271 -8.2632
-0.145842 -0.0778237 -0.986242 5.97864 0.0412115 -0.996514 0.07254 -8.35878 -0.988449 -0.0300651 0.148541 -8.38038
-0.0263683 -0.0401354 -0.998846 5.85415 0.0541581 -0.997784 0.038663 -8.35544 -0.998184 -0.0530761 0.0284835 -8.46062
-0.070026 -0.0943416 -0.993074 5.82153 0.023529 -0.995397 0.0929031 -8.34547 -0.997268 -0.0168604 0.0719234 -8.60623
-0.194029 -0.111415 -0.974648 5.63099 0.054163 -0.993231 0.102757 -8.29626 -0.979499 -0.0328521 0.19875 -8.58535
-0.359223 -0.117013 -0.925887 5.58983 0.0784587 -0.992383 0.0949769 -8.29574 -0.929948 -0.038526 0.365667 -8.58597
-0.568557 -0.114561 -0.814628 5.43719 0.110104 -0.991943 0.0626523 -8.27002 -0.815243 -0.0540722 0.57659 -8.68334
-0.532569 -0.222774 -0.816543 5.40334 0.196727 -0.970899 0.136576 -8.20349 -0.823206 -0.0878996 0.560896 -8.69662
-0.50304 -0.332557 -0.797719 5.37015 0.292699 -0.934015 0.204801 -8.14982 -0.81319 -0.130469 0.567186 -8.71705
-0.417205 -0.535962 -0.733952 5.28958 0.493222 -0.811844 0.312477 -8.03431 -0.76333 -0.231634 0.603053 -8.74499
-0.379427 -0.609134 -0.696413 5.17479 0.564665 -0.748719 0.347238 -7.90477 -0.732932 -0.261489 0.62804 -8.77293
-0.253111 -0.705468 -0.662004 5.02904 0.688342 -0.612156 0.389166 -7.75643 -0.679794 -0.357183 0.640547 -8.86346
-0.098084 -0.808378 -0.580434 5.024 0.798269 -0.412189 0.439166 -7.65907 -0.594261 -0.420268 0.685733 -8.86137
-0.05312 -0.856664 -0.513133 5.03745 0.813414 -0.335195 0.475396 -7.45665 -0.579254 -0.392137 0.714628 -8.85768
0.113949 -0.886098 -0.449272 4.98884 0.859829 -0.138587 0.491414 -7.21531 -0.497705 -0.442293 0.746101 -8.90177
0.211185 -0.89003 -0.404038 4.99752 0.877023 -0.00995851 0.480346 -7.16316 -0.431546 -0.455792 0.778474 -8.89346
0.292599 -0.900586 -0.321451 5.03795 0.857359 0.0982091 0.505262 -7.09457 -0.423463 -0.423439 0.800862 -8.88077
0.333025 -0.894584 -0.298016 5.0977 0.859973 0.158541 0.485089 -6.73694 -0.386705 -0.417832 0.822116 -8.80108
0.415035 -0.887816 -0.198818 5.19809 0.840417 0.290411 0.457558 -6.51306 -0.348488 -0.356993 0.866667 -8.75807
0.515872 -0.83565 -0.188586 5.23659 0.810781 0.405183 0.422448 -6.46635 -0.276607 -0.370831 0.886551 -8.73427
0.622194 -0.7677 -0.153332 5.28404 0.748615 0.526155 0.403407 -6.42638 -0.229019 -0.365784 0.902082 -8.70724
0.768658 -0.637532 -0.052135 5.38751 0.614629 0.713544 0.336282 -6.3811 -0.17719 -0.29053 0.940317 -8.65064
0.864647 -0.502004 -0.019424 5.49226 0.487998 0.830082 0.269853 -6.34112 -0.119344 -0.242807 0.962706 -8.5717
0.919836 -0.392211 0.00852545 5.72508 0.383762 0.904106 0.187933 -6.20109 -0.0814172 -0.169596 0.982145 -8.45543
0.981669 -0.19047 0.00688297 5.77854 0.187943 0.973382 0.131169 -6.18444 -0.0316835 -0.127471 0.991336 -8.44082
0.988306 -0.145239 0.0464331 5.88932 0.142711 0.988302 0.0537845 -6.23214 -0.0537015 -0.046529 0.997472 -8.38762
0.998846 0.0117873 0.0465688 6.11453 -0.0109007 0.999755 -0.0192467 -6.2466 -0.0467843 0.0187168 0.99873 -8.26182
0.993215 0.115061 0.016868 6.20266 -0.11334 0.990242 -0.0810892 -6.29889 -0.0260337 0.0786272 0.996564 -8.22696
0.98322 0.0467949 0.17632 6.40009 -0.0372712 0.997681 -0.0569455 -6.28482 -0.178575 0.0494183 0.982684 -8.22083
0.970617 0.0261224 0.239207 6.67274 -0.0139837 0.998533 -0.0523032 -6.28897 -0.240222 0.0474214 0.969559 -8.20157
0.919715 0.0405204 0.390491 6.78037 -0.0133962 0.997319 -0.0719378 -6.31888 -0.392359 0.0609312 0.917792 -8.21112
0.905988 0.0614128 0.418825 7.10585 -0.041833 0.997566 -0.0557825 -6.27801 -0.421232 0.0330175 0.906352 -8.33362
0.818217 0.0506328 0.572675 7.25818 -0.0535762 0.998495 -0.0117338 -6.29442 -0.572407 -0.021081 0.819698 -8.30688
0.900579 0.0842999 0.426439 7.44229 -0.0669748 0.99621 -0.055493 -6.32281 -0.429501 0.0214152 0.902812 -8.30376
0.832545 0.0829294 0.547715 7.56825 -0.0564281 0.996284 -0.0650745 -6.32398 -0.551077 0.0232709 0.83413 -8.32852
0.911818 0.0466794 0.407932 7.70655 -0.0230984 0.997775 -0.0625448 -6.37884 -0.409944 0.0476069 0.910867 -8.3126
0.788218 0.0226996 0.614978 7.89953 -0.0203826 0.999734 -0.0107771 -6.34631 -0.615059 -0.00404014 0.788471 -8.35456
0.85586 0.043281 0.515393 8.05461 -0.0163774 0.998261 -0.0566344 -6.38774 -0.516948 0.0400303 0.855081 -8.33826
0.848407 0.0583882 0.526114 8.16232 -0.0403096 0.998138 -0.0457706 -6.3656 -0.527807 0.0176247 0.849181 -8.31126
0.83688 0.0576314 0.544345 8.35145 -0.0201441 0.997011 -0.0745869 -6.3818 -0.547016 0.0514549 0.835539 -8.3689
0.896051 0.0175171 0.443604 8.39948 -0.0042351 0.999513 -0.0309144 -6.39264 -0.44393 0.0258221 0.895689 -8.31719
0.785429 0.0235815 0.618503 8.55336 -0.0219723 0.999706 -0.0102133 -6.38514 -0.618562 -0.00556813 0.785716 -8.38819
0.854604 0.0378382 0.517899 8.67904 -0.0146957 0.998705 -0.0487163 -6.43392 -0.519072 0.0340223 0.854053 -8.38252
0.877985 0.0455583 0.476516 8.71878 -0.0307971 0.998774 -0.038746 -6.39466 -0.477697 0.0193431 0.878312 -8.31485
0.815884 0.0120487 0.578091 8.89824 -0.0111009 0.999925 -0.00517348 -6.36371 -0.57811 -0.00219637 0.815956 -8.40564
0.889325 0.029297 0.456336 9.0044 -0.00910436 0.998882 -0.0463858 -6.43569 -0.457185 0.0370974 0.888598 -8.38591
0.836802 0.0371868 0.546242 9.09327 -0.0264634 0.999272 -0.0274881 -6.41048 -0.546866 0.00854674 0.837176 -8.35358
0.815248 0.046514 0.577241 9.25977 -0.0231497 0.99859 -0.0477715 -6.4371 -0.578649 0.0255826 0.815175 -8.38978
0.893706 0.0602222 0.444593 9.31012 -0.0295756 0.996703 -0.0755563 -6.45486 -0.447677 0.054376 0.89254 -8.37295
0.806121 0.0663943 0.588014 9.49606 -0.0124027 0.995363 -0.0953862 -6.4419 -0.59162 0.0695998 0.803207 -8.43665
0.887339 0.0575011 0.457519 9.59724 -0.0296615 0.997257 -0.0678084 -6.49852 -0.460163 0.0465983 0.886611 -8.44882
0.836469 0.0746832 0.542901 9.74679 -0.0594518 0.99719 -0.0455768 -6.47144 -0.54478 0.00584715 0.838559 -8.41009
0.844564 0.0668017 0.531271 9.93761 -0.0363124 0.997049 -0.0676423 -6.47523 -0.534222 0.0378365 0.844497 -8.47147
0.849727 0.0841618 0.520462 10.0463 -0.0607677 0.996232 -0.0618847 -6.50386 -0.523709 0.0209578 0.851639 -8.42229
0.825657 0.0552704 0.561458 10.2376 -0.0245758 0.997769 -0.0620809 -6.48339 -0.563637 0.0374593 0.825173 -8.49057
0.884428 0.00702465 0.466624 10.2703 0.00579019 0.999645 -0.0260235 -6.48731 -0.466641 0.0257177 0.884073 -8.48254
0.799265 0.0104851 0.600888 10.4148 -0.0193787 0.999778 0.00833098 -6.48429 -0.600667 -0.0183031 0.79929 -8.47413
0.891925 0.026347 0.451415 10.5419 -0.025467 0.999643 -0.00802584 -6.54224 -0.451466 -0.00433773 0.892278 -8.46698
0.966883 0.0230181 0.254182 10.6854 -0.0102432 0.998622 -0.0514687 -6.52563 -0.255016 0.0471605 0.965786 -8.29762
0.998275 0.0242856 0.0534535 10.845 -0.0217239 0.998611 -0.0479937 -6.55029 -0.0545449 0.0467497 0.997416 -8.21076
0.993021 0.116542 0.0180999 11.1223 -0.114612 0.989772 -0.0849497 -6.57865 -0.027815 0.0822823 0.996221 -8.04544
0.977995 0.207344 0.0231172 11.2833 -0.203341 0.972127 -0.116714 -6.61855 -0.0466728 0.109445 0.992896 -7.94528
0.945493 0.325606 0.00485622 11.3771 -0.319154 0.929511 -0.184798 -6.69091 -0.0646853 0.173175 0.982765 -7.9082
0.94556 0.325439 0.00239206 12.2088 -0.319571 0.929852 -0.182347 -7.0561 -0.061567 0.171655 0.983231 -7.48674
0.901533 0.432474 -0.0142893 12.3097 -0.423896 0.876058 -0.22986 -7.12109 -0.08689 0.213283 0.973119 -7.44296
0.874516 0.482036 -0.0535075 12.6496 -0.476146 0.832333 -0.283738 -7.3765 -0.0922359 0.273611 0.957408 -7.26565
0.756648 0.642099 -0.123262 12.6753 -0.636648 0.680632 -0.362518 -7.45016 -0.148876 0.352773 0.92379 -7.25466
0.625239 0.759853 -0.178043 12.6789 -0.752668 0.526783 -0.394957 -7.50004 -0.206319 0.380949 0.901282 -7.24553
0.624378 0.760471 -0.178424 13.1245 -0.748717 0.517544 -0.414211 -8.4339 -0.222653 0.392213 0.892521 -7.0141
0.718421 0.687006 -0.10906 13.3429 -0.675617 0.651828 -0.344474 -8.71443 -0.165568 0.32116 0.932439 -6.90276
0.822369 0.567869 -0.0351317 13.4886 -0.554661 0.786425 -0.27182 -8.79718 -0.12673 0.243022 0.961707 -6.83347
0.899372 0.436806 0.0181578 13.6301 -0.426218 0.885301 -0.185956 -8.85139 -0.0973019 0.159504 0.98239 -6.7634
0.961694 0.273004 0.0247878 14.0149 -0.269242 0.957682 -0.101752 -9.02742 -0.0515175 0.0911805 0.994501 -6.56171
0.995222 0.0792617 0.0570093 14.1606 -0.0805955 0.996515 0.0214866 -8.98907 -0.0551076 -0.0259786 0.998142 -6.49771
0.991315 -0.128938 0.0258817 14.2671 0.125561 0.986483 0.105292 -8.94067 -0.039108 -0.101128 0.994104 -6.43254
0.968569 -0.248746 0.00014188 14.4012 0.245091 0.954431 0.170268 -8.88074 -0.042489 -0.164882 0.985398 -6.36194
0.907053 -0.42023 -0.0257209 14.4501 0.412516 0.874865 0.253854 -8.80112 -0.0841748 -0.240869 0.9669 -6.33818
0.847117 -0.528476 -0.0557392 14.4693 0.519889 0.802466 0.292854 -8.7574 -0.110038 -0.27706 0.954531 -6.33952
0.765424 -0.6327 -0.117546 14.4908 0.624237 0.685602 0.374537 -8.65529 -0.15638 -0.360056 0.919731 -6.32219
0.673381 -0.722553 -0.156445 14.6302 0.710188 0.573426 0.40843 -8.42933 -0.205403 -0.386135 0.899283 -6.24633
0.504537 -0.82927 -0.24032 14.6219 0.814072 0.364191 0.452385 -8.3523 -0.287627 -0.423883 0.858833 -6.25452
0.38691 -0.863401 -0.323791 14.6065 0.85564 0.205248 0.475136 -8.27003 -0.343775 -0.460883 0.818172 -6.26991
0.211117 -0.88176 -0.421817 14.5616 0.873263 -0.0237311 0.486671 -8.16568 -0.439137 -0.471102 0.764998 -6.28953
0.0172938 -0.853143 -0.521391 14.495 0.844958 -0.266324 0.463808 -8.09105 -0.534553 -0.448575 0.716264 -6.32326
-0.151553 -0.785706 -0.599748 14.4205 0.774398 -0.471453 0.421947 -8.03357 -0.614279 -0.400497 0.679899 -6.3593
-0.274401 -0.696824 -0.662677 14.3101 0.691247 -0.622001 0.367821 -7.92211 -0.668492 -0.357143 0.652355 -6.40984
-0.402412 -0.553953 -0.728835 14.2255 0.546596 -0.784044 0.294123 -7.90079 -0.734369 -0.28002 0.618297 -6.45603
-0.469351 -0.44475 -0.762828 14.1549 0.445531 -0.865144 0.230278 -7.88422 -0.762372 -0.231782 0.604207 -6.49596
-0.528717 -0.310915 -0.789804 13.8463 0.309288 -0.937094 0.161851 -7.73668 -0.790442 -0.158704 0.59162 -6.63468
-0.537569 -0.303232 -0.78681 13.216 0.295695 -0.941639 0.160875 -7.46109 -0.789673 -0.146175 0.59586 -6.95034
-0.555582 -0.212221 -0.803922 12.5009 0.21354 -0.970866 0.108716 -7.22479 -0.803573 -0.111269 0.584713 -7.32706
-0.558815 -0.162369 -0.813242 11.7562 0.160249 -0.983305 0.0862094 -7.03408 -0.813662 -0.082146 0.575505 -7.71238
-0.554712 -0.0562526 -0.830138 11.5166 0.0708843 -0.99728 0.0202126 -7.0585 -0.829017 -0.0476316 0.557191 -7.84415
-0.561283 -0.0861159 -0.823131 10.7646 0.0811553 -0.995506 0.0488108 -6.95848 -0.823635 -0.0394048 0.565749 -8.21273
-0.532558 0.0576842 -0.844426 10.0703 -0.00365527 -0.997822 -0.0658577 -6.93439 -0.846386 -0.0319864 0.531609 -8.59
-0.618516 0.185477 -0.763568 10.0246 -0.109319 -0.982604 -0.150131 -7.0282 -0.77813 -0.00938652 0.628033 -8.61245
-0.643715 0.136844 -0.752931 9.86994 -0.215211 -0.976546 0.00650705 -7.07475 -0.734381 0.166227 0.658067 -8.63082
-0.732569 0.123326 -0.669428 9.83135 -0.249477 -0.963663 0.0954766 -7.05203 -0.633328 0.23695 0.736716 -8.61157
-0.814516 0.148466 -0.560822 9.79319 -0.147587 -0.987923 -0.047182 -7.06332 -0.561054 0.0443397 0.826591 -8.59806
-0.865866 0.114568 -0.486981 9.75032 -0.0784102 -0.992473 -0.0940745 -7.0839 -0.494093 -0.0432717 0.868332 -8.5563
-0.913682 0.0308107 -0.40526 9.73369 0.0120983 -0.994619 -0.102894 -7.11234 -0.40625 -0.0989154 0.908392 -8.50821
-0.882953 -0.0658951 -0.464814 9.68043 0.115285 -0.990217 -0.0786138 -7.1288 -0.455087 -0.122998 0.881911 -8.4982
-0.848121 -0.184866 -0.496502 9.61517 0.201588 -0.979261 0.0202646 -7.09977 -0.489951 -0.082902 0.867799 -8.4806
-0.821508 -0.316974 -0.473976 9.58876 0.33276 -0.941526 0.052902 -7.04361 -0.463029 -0.114261 0.878947 -8.46389
-0.78856 -0.421458 -0.447824 9.55071 0.459695 -0.887697 0.0259704 -6.99058 -0.408477 -0.185383 0.893745 -8.44179
-0.786076 -0.427661 -0.446309 9.42918 0.427189 -0.897713 0.107804 -6.81507 -0.44676 -0.105916 0.888362 -8.45669
-0.727701 -0.420183 -0.542123 9.23148 0.438852 -0.89266 0.102794 -6.66973 -0.527124 -0.163108 0.833988 -8.49456
-0.730165 -0.35587 -0.58328 9.07691 0.430967 -0.902301 0.0110139 -6.60637 -0.530213 -0.243332 0.812197 -8.52703
-0.759805 -0.35646 -0.543722 8.92425 0.415066 -0.909645 0.0163371 -6.57205 -0.500417 -0.213267 0.839106 -8.50184
-0.800757 -0.287947 -0.525237 8.73554 0.38217 -0.920808 -0.0778338 -6.52412 -0.461231 -0.263056 0.847389 -8.44645
-0.844992 -0.232012 -0.481829 8.6194 0.285036 -0.957735 -0.0387 -6.46176 -0.452486 -0.17004 0.87541 -8.42383
-0.890838 -0.216238 -0.39956 8.4979 0.226266 -0.973805 0.0225425 -6.36355 -0.393968 -0.0703251 0.91643 -8.3777
-0.841263 -0.176054 -0.511157 8.22606 0.193729 -0.980871 0.0189951 -6.31011 -0.504723 -0.0830461 0.859277 -8.44035
-0.850343 -0.083473 -0.519566 8.01465 0.137128 -0.988376 -0.065638 -6.36825 -0.508047 -0.127062 0.851906 -8.47307
-0.890662 -0.11164 -0.440747 7.83706 0.114157 -0.993243 0.0208979 -6.26919 -0.440102 -0.0317014 0.897388 -8.40236
-0.879185 -0.0718114 -0.471037 7.55214 0.115963 -0.991102 -0.0653471 -6.27964 -0.462153 -0.112075 0.879689 -8.37475
-0.87764 -0.0778348 -0.472958 7.28737 0.0906088 -0.995878 -0.00424554 -6.26353 -0.470678 -0.0465802 0.881075 -8.39446
-0.871425 -0.0825594 -0.483531 7.07922 0.083763 -0.996302 0.0191526 -6.21728 -0.483324 -0.023812 0.875118 -8.39491
-0.898647 -0.0677978 -0.433402 6.93736 0.107094 -0.991997 -0.0668758 -6.28463 -0.4254 -0.106512 0.898716 -8.37943
-0.876573 -0.0746056 -0.475451 6.63242 0.0837743 -0.996483 0.00191166 -6.25438 -0.473922 -0.0381549 0.87974 -8.3607
-0.87786 -0.0614677 -0.474957 6.35669 0.0704227 -0.997517 -0.00106588 -6.22614 -0.473712 -0.0343834 0.880008 -8.33995
-0.790349 -0.0754731 -0.607991 6.04559 0.105872 -0.994278 -0.0142012 -6.24021 -0.60344 -0.0755929 0.793817 -8.4735
-0.685862 -0.0526112 -0.725827 5.85717 0.0709127 -0.997468 0.00529289 -6.23689 -0.724268 -0.0478401 0.687857 -8.61299
-0.601564 -0.0597696 -0.796585 5.53219 0.0487172 -0.998086 0.0380985 -6.20191 -0.797337 -0.0158887 0.603325 -8.65989
-0.587478 0.0683142 -0.806352 5.28855 -0.052859 -0.997542 -0.0460008 -6.22026 -0.807512 0.0155986 0.589645 -8.67993
-0.547126 0.244675 -0.800492 5.20624 -0.229322 -0.96355 -0.137777 -6.2972 -0.805025 0.108189 0.583293 -8.69675
-0.467762 0.456253 -0.756989 5.16844 -0.432309 -0.865126 -0.254294 -6.38404 -0.770913 0.208304 0.601916 -8.73747
-0.370729 0.609527 -0.70074 5.15261 -0.590301 -0.737141 -0.328889 -6.46479 -0.717011 0.291719 0.633084 -8.77765
-0.240903 0.745575 -0.621356 5.16578 -0.726902 -0.562817 -0.39351 -6.57613 -0.643101 0.356867 0.677545 -8.81255
-0.0750788 0.838772 -0.539281 5.17374 -0.825454 -0.355691 -0.438304 -6.67851 -0.559455 0.412244 0.719072 -8.80801
0.0184818 0.881446 -0.471924 5.19304 -0.859623 -0.227035 -0.457716 -6.7326 -0.510595 0.414136 0.753515 -8.79903
0.0960376 0.89963 -0.42596 5.19617 -0.882553 -0.120934 -0.454395 -6.99113 -0.460301 0.419571 0.782358 -8.76519
0.169496 0.897642 -0.40683 5.12139 -0.891001 -0.0368422 -0.452504 -7.53024 -0.421175 0.439183 0.793555 -8.76767
0.284343 0.897502 -0.337105 5.16986 -0.879062 0.103739 -0.465284 -7.66897 -0.382622 0.428637 0.818457 -8.74856
0.326245 0.88908 -0.321095 5.22728 -0.878847 0.160183 -0.44941 -8.39025 -0.348128 0.428811 0.833624 -8.69618
0.47394 0.851666 -0.22371 5.28756 -0.832445 0.350517 -0.429153 -8.50347 -0.287081 0.389619 0.875089 -8.66006
0.571669 0.79555 -0.200735 5.32811 -0.792185 0.471477 -0.387494 -8.53311 -0.213629 0.380538 0.899752 -8.64541
0.724571 0.680054 -0.111905 5.37317 -0.670939 0.658885 -0.340162 -8.572 -0.157596 0.321553 0.933685 -8.61751
0.798738 0.595331 -0.0871735 5.3959 -0.591454 0.750282 -0.295397 -8.57203 -0.110454 0.287504 0.951389 -8.60292
0.904181 0.426767 -0.0180697 5.46171 -0.420948 0.883074 -0.207326 -8.54423 -0.0725231 0.195067 0.978105 -8.57243
0.974553 0.223909 0.01055 5.51399 -0.221627 0.969537 -0.104306 -8.50297 -0.0335837 0.0993136 0.994489 -8.55956
0.995427 0.0896729 0.0329121 5.54389 -0.0890452 0.995825 -0.020069 -8.46951 -0.0345744 0.0170466 0.999257 -8.53354
0.992604 0.108364 0.0547297 6.06887 -0.105143 0.992725 -0.0586659 -8.5377 -0.0606889 0.0524775 0.996776 -8.29181
0.998867 0.0471755 -0.00619822 6.25244 -0.0474478 0.977844 -0.203887 -8.61504 -0.0035576 0.20395 0.978975 -8.25889
0.988525 0.14719 -0.0339679 6.32985 -0.150326 0.980654 -0.125377 -8.65556 0.0148566 0.129044 0.991528 -8.22136
0.976507 0.205854 -0.063698 6.37432 -0.205759 0.978569 0.0081247 -8.66134 0.0640054 0.00517261 0.997936 -8.15337
0.960803 0.209126 -0.181998 6.38269 -0.190436 0.97495 0.114922 -8.64671 0.201473 -0.0757588 0.97656 -8.1388
0.978317 0.0686582 -0.1954 6.39879 -0.0742913 0.997002 -0.0216381 -8.6356 0.193329 0.0356855 0.980485 -8.14073
0.952916 0.117845 -0.279398 6.40062 -0.139757 0.98838 -0.059775 -8.63118 0.269107 0.0960085 0.958313 -8.16546
0.922372 0.0314161 -0.385022 6.38014 -0.0297454 0.999504 0.010296 -8.62176 0.385155 0.00195592 0.92285 -8.09586
0.911443 0.0451266 -0.408944 6.39361 -0.00882709 0.995883 0.0902211 -8.60957 0.411332 -0.0786216 0.908089 -7.91991
0.900296 -0.0115535 -0.435125 6.51659 0.00699655 0.999903 -0.0120733 -8.69434 0.435222 0.00782515 0.900289 -7.57441
0.867842 0.0748679 -0.491167 6.60883 -0.0264088 0.994135 0.104873 -8.59916 0.496138 -0.078042 0.864729 -7.40946
0.917671 0.0259983 -0.39649 6.81866 -0.00478386 0.998508 0.0544011 -8.5852 0.397313 -0.0480255 0.916426 -7.23092
0.91017 0.0305785 -0.413105 6.94622 -0.0285709 0.999531 0.0110377 -8.63889 0.413249 0.00175664 0.910616 -7.05316
0.8726 0.125045 -0.472157 6.98371 -0.106554 0.992126 0.0658271 -8.5973 0.47667 -0.0071305 0.879053 -6.92639
0.897451 0.105357 -0.428347 7.17101 -0.0993558 0.994385 0.0364151 -8.59968 0.429779 0.00987802 0.90288 -6.69753
0.892907 0.0752137 -0.443915 7.25606 -0.0836124 0.996498 0.000658373 -8.65986 0.44241 0.0365289 0.896069 -6.53887
0.884309 0.0884087 -0.458456 7.39406 -0.0576519 0.995071 0.0806858 -8.57232 0.46333 -0.0449203 0.885047 -6.3194
0.882971 0.038041 -0.467883 7.52316 -0.0354448 0.999269 0.0143551 -8.62085 0.468087 0.00390882 0.883674 -6.1086
0.889021 0.0418818 -0.455946 7.66602 -0.0248106 0.998751 0.0433656 -8.61046 0.457193 -0.0272406 0.88895 -5.89439
0.885051 0.0937681 -0.455951 7.74006 -0.0451914 0.992183 0.116325 -8.54008 0.463294 -0.0823482 0.88237 -5.76765
0.904855 0.0346763 -0.424306 7.86922 -0.022186 0.999164 0.0343436 -8.56881 0.425142 -0.0216623 0.904867 -5.60671
0.905855 0.0288574 -0.422604 7.96937 -0.0334692 0.999434 -0.0034954 -8.63771 0.422264 0.0173105 0.906308 -5.4434
0.871625 0.0764851 -0.484169 8.03167 -0.0437657 0.99595 0.0785428 -8.54008 0.488215 -0.0472699 0.871442 -5.29236
0.898843 0.0181228 -0.437897 8.19652 -0.0133208 0.999813 0.0140354 -8.58019 0.438069 -0.00678249 0.898916 -5.10223
0.935406 0.0835662 -0.343558 8.41931 -0.0459773 0.992167 0.11615 -8.56021 0.350573 -0.0928513 0.931921 -4.93638
0.963634 -0.00593275 -0.267159 8.50647 0.0219736 0.998127 0.057093 -8.48937 0.26632 -0.0608872 0.96196 -4.90955
0.96973 0.0134941 -0.243805 8.55473 -0.0095275 0.999802 0.0174415 -8.51527 0.243992 -0.0145907 0.969667 -4.84428
0.99039 -0.012367 -0.137745 8.68122 0.0142833 0.999814 0.012932 -8.58348 0.13756 -0.0147752 0.990383 -4.69292
0.99969 -0.00970353 -0.0229379 8.90337 0.0096966 0.999953 -0.000413507 -8.5764 0.0229409 0.000190958 0.999737 -4.58285
0.995574 -0.0939763 -0.000255631 9.0916 0.0937985 0.993516 0.0642412 -8.52676 -0.00578317 -0.0639808 0.997934 -4.44731
0.966901 -0.255151 3.4494e-05 9.10714 0.252452 0.956693 0.144938 -8.47181 -0.037014 -0.140132 0.989441 -4.44346
0.899389 -0.435625 -0.0364804 9.10282 0.427063 0.857749 0.286153 -8.40961 -0.0933644 -0.272942 0.957489 -4.46522
0.830255 -0.549939 -0.0907953 9.10405 0.545891 0.769366 0.331782 -8.35038 -0.112605 -0.325028 0.938977 -4.4636
0.779516 -0.614035 -0.123758 9.57144 0.613512 0.708603 0.348548 -7.9154 -0.126325 -0.347626 0.929085 -4.21177
0.649239 -0.739848 -0.176392 9.58845 0.730904 0.542739 0.413781 -7.80936 -0.2104 -0.397568 0.893125 -4.20893
0.553725 -0.799155 -0.233965 9.57882 0.791439 0.417737 0.44623 -7.76176 -0.258871 -0.432258 0.863793 -4.22424
0.421737 -0.851836 -0.310666 9.55273 0.843313 0.24263 0.479535 -7.66537 -0.333109 -0.464226 0.82069 -4.24207
0.312092 -0.875431 -0.36908 9.62526 0.869982 0.107243 0.48128 -7.15499 -0.381746 -0.471296 0.795079 -4.20475
0.147285 -0.870106 -0.470344 9.57704 0.865345 -0.116957 0.487339 -7.03728 -0.479046 -0.478788 0.735715 -4.24089
0.034732 -0.86085 -0.507672 9.54756 0.854317 -0.238018 0.46205 -7.00837 -0.51859 -0.449761 0.727172 -4.25724
-0.0481649 -0.832155 -0.552448 9.52082 0.815769 -0.351926 0.458986 -6.9868 -0.576369 -0.428563 0.695797 -4.2639
-0.222288 -0.739141 -0.635813 9.49069 0.720941 -0.563636 0.403185 -6.99391 -0.656378 -0.36876 0.658167 -4.27783
-0.361573 -0.597923 -0.715369 9.46262 0.591812 -0.740075 0.31945 -7.04187 -0.720433 -0.30786 0.621449 -4.29453
-0.456936 -0.445829 -0.769705 9.43492 0.423199 -0.870074 0.252732 -7.09436 -0.782376 -0.210256 0.586243 -4.31853
-0.499326 -0.37478 -0.781162 9.09443 0.366375 -0.908361 0.201616 -6.92232 -0.785138 -0.185526 0.590879 -4.47886
-0.535968 -0.213389 -0.816825 9.01981 0.209042 -0.970944 0.116487 -6.94636 -0.817948 -0.108318 0.565003 -4.51884
-0.563619 -0.175421 -0.807193 8.93028 0.166332 -0.981276 0.0971126 -6.9013 -0.809115 -0.0795272 0.582244 -4.56077
-0.560643 -0.178359 -0.80862 8.27991 0.167241 -0.980793 0.100382 -6.75975 -0.810993 -0.0789562 0.579704 -4.92217
-0.608852 -0.235374 -0.757561 8.19671 0.206524 -0.969069 0.135106 -6.66975 -0.765929 -0.0741953 0.63863 -4.94592
-0.695761 -0.164712 -0.699133 8.09625 0.193368 -0.980369 0.0385333 -6.66176 -0.691755 -0.10838 0.713953 -4.91328
-0.752763 -0.0823691 -0.653118 8.05292 0.158853 -0.98555 -0.0587946 -6.7012 -0.638837 -0.148008 0.754971 -4.90704
-0.798416 -0.0434731 -0.600534 8.01216 0.0720568 -0.997121 -0.023618 -6.71921 -0.597778 -0.0621296 0.79925 -4.92078
-0.864724 -0.0922562 -0.493702 7.89384 0.0908283 -0.995502 0.0269391 -6.66869 -0.493966 -0.0215472 0.869214 -4.91026
-0.868582 -0.0643074 -0.491354 7.68551 0.0508708 -0.997877 0.0406741 -6.59191 -0.492927 0.0103332 0.870009 -4.90309
-0.879777 -0.0502142 -0.472727 7.54348 0.0995439 -0.99182 -0.0799046 -6.65541 -0.464847 -0.117355 0.877579 -4.87158
-0.883539 -0.080984 -0.461303 7.25157 0.0830608 -0.996419 0.0158389 -6.62062 -0.460933 -0.0243219 0.887101 -4.85665
-0.896217 -0.0504948 -0.440733 6.94871 0.0907448 -0.99336 -0.0707173 -6.6268 -0.434236 -0.103372 0.894848 -4.82883
-0.868317 -0.0679895 -0.491329 6.71511 0.0951593 -0.994995 -0.0304871 -6.67837 -0.486797 -0.073227 0.870441 -4.82912
-0.871045 -0.0750689 -0.485433 6.49238 0.069047 -0.997153 0.0303072 -6.57458 -0.486326 -0.00711871 0.873748 -4.80683
-0.871465 -0.0372733 -0.489039 6.18884 0.0805293 -0.99445 -0.0677084 -6.66666 -0.483801 -0.0983875 0.86963 -4.80267
-0.887777 -0.0731699 -0.454421 5.95313 0.0734253 -0.997154 0.0171125 -6.59675 -0.45438 -0.0181739 0.890623 -4.77265
-0.889023 -0.0562672 -0.454392 5.72197 0.0909716 -0.994341 -0.0548581 -6.59757 -0.448734 -0.0901068 0.889111 -4.772
-0.866856 -0.0555287 -0.495457 5.41968 0.0732411 -0.99718 -0.0163837 -6.61034 -0.49315 -0.0504901 0.868478 -4.7965
-0.872045 -0.0583018 -0.485941 5.2275 0.0591106 -0.998158 0.0136792 -6.54925 -0.485843 -0.0167953 0.873885 -4.78571
-0.892176 -0.0480302 -0.449127 5.07542 0.0863145 -0.994136 -0.065147 -6.61251 -0.443364 -0.0968887 0.89109 -4.75104
-0.875678 -0.0430754 -0.480971 4.77319 0.0475578 -0.998864 0.00287166 -6.6098 -0.480548 -0.0203593 0.876732 -4.76183
-0.875423 -0.0359472 -0.482019 4.49251 0.0459271 -0.998905 -0.00891609 -6.54131 -0.481171 -0.0299431 0.876115 -4.72084
-0.799346 -0.0595509 -0.597913 4.20024 0.0826371 -0.996516 -0.011226 -6.58564 -0.595162 -0.0583833 0.801482 -4.82258
-0.694628 -0.0741787 -0.715534 4.02265 0.0770541 -0.996619 0.0285157 -6.58535 -0.71523 -0.0353271 0.697995 -4.94127
-0.606385 -0.048484 -0.793692 3.73005 0.0346111 -0.998803 0.0345705 -6.57593 -0.794418 -0.00650753 0.607337 -5.02868
-0.592556 0.090878 -0.800386 3.35754 -0.0936454 -0.99465 -0.043606 -6.60295 -0.800067 0.0491135 0.597896 -5.03957
-0.547714 0.265464 -0.793434 3.31815 -0.266504 -0.954288 -0.135312 -6.67542 -0.793086 0.137341 0.593425 -5.04008
-0.483953 0.448972 -0.751142 3.32082 -0.473612 -0.856159 -0.206599 -6.74153 -0.735854 0.255766 0.626979 -5.02849
-0.43295 0.545244 -0.717818 3.34465 -0.53526 -0.796235 -0.281968 -6.77555 -0.725294 0.262141 0.636577 -5.02141
-0.280908 0.686405 -0.670775 3.39006 -0.699908 -0.624731 -0.34618 -6.83953 -0.656674 0.372236 0.655912 -5.03839
-0.151361 0.817804 -0.555235 3.44035 -0.792876 -0.435878 -0.425861 -6.9391 -0.590286 0.375774 0.714393 -5.04696
-0.0639725 0.852743 -0.518399 3.44189 -0.823044 -0.338851 -0.455827 -7.1605 -0.564364 0.397505 0.723522 -5.08643
0.0121158 0.881759 -0.471545 3.32122 -0.856732 -0.234019 -0.459614 -7.55241 -0.515619 0.409557 0.752596 -5.13251
0.190218 0.903042 -0.38514 3.34338 -0.886693 -0.0103685 -0.462243 -7.67271 -0.421418 0.429428 0.798748 -5.10564
0.281455 0.910624 -0.302568 3.38153 -0.876569 0.115709 -0.467159 -7.73781 -0.390396 0.396706 0.830792 -5.0918
0.348756 0.886566 -0.303925 3.40986 -0.872611 0.188855 -0.450427 -8.14467 -0.341935 0.422298 0.839491 -5.04181
0.477688 0.855262 -0.200853 3.48999 -0.828419 0.362402 -0.427067 -8.26112 -0.292465 0.370395 0.88163 -5.00337
0.646106 0.753391 -0.122264 3.5952 -0.735834 0.572309 -0.361955 -8.36108 -0.202721 0.323828 0.924143 -4.96494
0.789122 0.610301 -0.069425 3.67975 -0.600751 0.743296 -0.294296 -8.40751 -0.128006 0.273942 0.95319 -4.91516
0.852586 0.520663 -0.0447958 3.71604 -0.515304 0.823349 -0.23782 -8.40698 -0.0869413 0.225845 0.970276 -4.89549
0.942614 0.333716 0.0105929 3.75056 -0.327608 0.930553 -0.163535 -8.39312 -0.0644315 0.15068 0.986481 -4.87056
0.991951 0.12367 0.0271684 3.76602 -0.121945 0.990845 -0.0579244 -8.3417 -0.0340831 0.0541451 0.997951 -4.87016
0.99914 0.0259929 0.0323139 3.78803 -0.0263835 0.999583 0.0117192 -8.28943 -0.0319958 -0.0125617 0.999409 -4.85684
0.998427 0.0379612 0.0412709 4.21685 -0.0376398 0.999255 -0.00853598 -8.33733 -0.0415642 0.00696912 0.999112 -4.63998
0.99857 0.0529734 -0.00722061 4.2495 -0.0518859 0.992794 0.108021 -8.29089 0.0128908 -0.107492 0.994122 -4.62431
0.99663 0.0623452 -0.053302 4.37435 -0.0617939 0.998018 0.0119301 -8.23917 0.0539402 -0.00859615 0.998507 -4.55752
0.979233 0.0114156 -0.202416 4.40672 -0.0170741 0.99951 -0.0262307 -8.24202 0.202018 0.029142 0.978948 -4.47471
0.932379 -0.00783877 -0.361397 4.36325 -0.0122576 0.998504 -0.0532816 -8.27307 0.361274 0.0541085 0.930888 -4.46063
0.901244 0.0581522 -0.429391 4.39947 -0.0610395 0.99811 0.00705853 -8.2674 0.42899 0.0198484 0.903091 -4.38588
0.903593 0.111762 -0.413555 4.60676 -0.0900591 0.993354 0.0716774 -8.17322 0.418818 -0.0275228 0.907653 -4.1259
0.892338 0.0474137 -0.44887 4.64956 -0.0540886 0.998534 -0.00205214 -8.24443 0.448115 0.02611 0.893595 -3.9841
0.872241 0.0939646 -0.479966 4.838 -0.0610239 0.994611 0.0838199 -8.15596 0.485255 -0.0438218 0.873274 -3.78062
0.899225 0.0500889 -0.434609 4.93533 -0.0419948 0.998719 0.0282136 -8.18894 0.435466 -0.00711908 0.900177 -3.60475
0.880422 0.0954005 -0.464496 4.9991 -0.109863 0.993938 -0.00409814 -8.26598 0.461289 0.054639 0.885566 -3.4272
0.873281 0.152587 -0.462708 5.12176 -0.130423 0.988246 0.0797439 -8.20649 0.469437 -0.00929107 0.882917 -3.23729
0.896658 0.0976193 -0.431828 5.27071 -0.087788 0.995224 0.042696 -8.21889 0.433933 -0.000374366 0.900945 -3.09752
0.896557 0.0399476 -0.441123 5.42134 -0.0505723 0.998644 -0.0123493 -8.32528 0.440032 0.0333805 0.897362 -2.88712
0.879355 0.100414 -0.465458 5.52687 -0.0637689 0.993541 0.0938634 -8.23958 0.471877 -0.0528576 0.880079 -2.70303
0.892038 0.046116 -0.449601 5.70019 -0.0485517 0.998802 0.00611825 -8.2662 0.449344 0.0163712 0.893209 -2.44597
0.897421 0.0735647 -0.434998 5.83633 -0.0570115 0.99707 0.051002 -8.29238 0.437475 -0.0209704 0.898986 -2.21359
0.900389 0.0280088 -0.434184 5.94844 -0.0117812 0.999129 0.0400216 -8.23475 0.434927 -0.0309197 0.899935 -2.05529
0.86496 0.00275574 -0.501833 5.99752 -0.0100843 0.999878 -0.0118907 -8.31901 0.501739 0.0153456 0.864883 -1.94268
0.880755 0.0398284 -0.471895 6.10271 -0.0238453 0.998923 0.0398047 -8.29972 0.472972 -0.0238057 0.880756 -1.79358
0.895789 0.0304383 -0.443437 6.28151 0.00915981 0.996176 0.0868831 -8.21231 0.444386 -0.0818906 0.892085 -1.55636
0.94845 0.0489092 -0.313131 6.59696 -0.0188111 0.994966 0.0984305 -8.22034 0.316369 -0.0874661 0.944595 -1.28895
0.966641 0.0135139 -0.255778 6.68554 0.00560901 0.997251 0.0738869 -8.20857 0.256073 -0.0728568 0.963908 -1.2451
0.982035 -0.048247 -0.182429 6.77567 0.0453887 0.998773 -0.0198131 -8.24943 0.183161 0.0111769 0.983019 -1.09713
0.99403 -0.0542401 -0.094669 6.89519 0.0558753 0.998329 0.0147064 -8.23435 0.0937132 -0.0199083 0.9954 -1.02319
0.999186 -0.0400999 0.00434685 7.17252 0.0400211 0.999056 0.01691 -8.22393 -0.00502083 -0.0167223 0.999848 -0.860523
0.99094 -0.134304 0.000143022 7.30704 0.133567 0.985614 0.103556 -8.16539 -0.014049 -0.102599 0.994624 -0.782756
0.951942 -0.306167 -0.00826611 7.36352 0.302773 0.936629 0.176224 -8.09665 -0.0462118 -0.170258 0.984315 -0.754879
0.868871 -0.491675 -0.0576128 7.39763 0.483257 0.817188 0.314113 -7.99947 -0.107361 -0.300765 0.947636 -0.750825
0.75416 -0.64343 -0.131303 7.40676 0.637204 0.668658 0.383234 -7.91144 -0.158788 -0.372686 0.914271 -0.733396
0.672361 -0.720237 -0.170849 7.42571 0.703324 0.549634 0.450818 -7.78246 -0.230792 -0.423275 0.876113 -0.742357
0.538483 -0.807989 -0.239143 7.58153 0.792631 0.389388 0.469163 -7.4118 -0.28596 -0.442188 0.850116 -0.669916
0.355544 -0.865712 -0.352322 7.57643 0.866395 0.16385 0.471712 -7.27634 -0.350639 -0.472964 0.808305 -0.675819
0.279257 -0.872531 -0.400881 7.56437 0.86778 0.0506026 0.494365 -7.21714 -0.411063 -0.485931 0.771296 -0.675341
0.0731198 -0.873127 -0.481979 7.52785 0.860066 -0.189463 0.473699 -7.12622 -0.504916 -0.44917 0.737093 -0.693947
-0.0837056 -0.799566 -0.594716 7.4412 0.797041 -0.411928 0.441635 -7.06002 -0.598097 -0.437045 0.671768 -0.731618
-0.254158 -0.693089 -0.67456 7.34938 0.690411 -0.618448 0.375306 -7.01006 -0.677301 -0.370337 0.6357 -0.7913
-0.335809 -0.603336 -0.723338 7.20746 0.619901 -0.719746 0.312551 -6.90644 -0.709193 -0.34344 0.615706 -0.849889
-0.431308 -0.470136 -0.77003 7.13658 0.462549 -0.84802 0.25867 -6.90695 -0.774611 -0.24461 0.583219 -0.88423
-0.469473 -0.371066 -0.80119 7.11446 0.372495 -0.905937 0.201308 -6.92805 -0.800526 -0.203931 0.563534 -0.902079
-0.531914 -0.237028 -0.812948 7.09747 0.230209 -0.964345 0.130544 -6.95687 -0.814906 -0.11771 0.567515 -0.917048
-0.557609 -0.118034 -0.821669 6.81414 0.128383 -0.990192 0.0551178 -6.91212 -0.820116 -0.0747538 0.567294 -1.05689
-0.561608 -0.027258 -0.826954 6.42011 0.112516 -0.992689 -0.0436921 -6.91401 -0.819717 -0.117584 0.560569 -1.2678
-0.654005 -0.0295155 -0.755915 6.30992 0.0732632 -0.997013 -0.0244567 -6.99187 -0.752935 -0.0713755 0.654213 -1.28465
-0.694365 -0.123252 -0.70899 6.23948 0.070485 -0.992135 0.103444 -6.96285 -0.716163 0.0218547 0.697591 -1.29374
-0.803427 -0.177315 -0.568387 6.16834 0.10898 -0.982293 0.152392 -6.83207 -0.585344 0.0604929 0.808525 -1.34613
-0.761069 -0.236983 -0.603832 6.0209 0.245969 -0.966789 0.0694123 -6.72895 -0.600228 -0.0956965 0.794084 -1.36159
-0.757774 -0.285242 -0.586869 5.94545 0.349861 -0.936795 0.0035744 -6.7809 -0.550795 -0.202614 0.809674 -1.34112
-0.819589 -0.273913 -0.503236 5.76909 0.338806 -0.939999 -0.0401469 -6.76402 -0.462045 -0.203403 0.863216 -1.26299
-0.865274 -0.258398 -0.429572 5.46283 0.280171 -0.959861 0.0130387 -6.62021 -0.415699 -0.109072 0.902938 -1.19943
-0.858757 -0.182476 -0.478789 5.30711 0.200574 -0.979584 0.013589 -6.5806 -0.471494 -0.0843629 0.877825 -1.19004
-0.874096 -0.131814 -0.467526 5.06518 0.194721 -0.976845 -0.0886437 -6.62886 -0.445016 -0.16852 0.879523 -1.15414
-0.879792 -0.149336 -0.451293 4.76793 0.16101 -0.986871 0.0126754 -6.53414 -0.447261 -0.061511 0.892286 -1.13882
-0.85337 -0.113675 -0.50876 4.51388 0.148771 -0.988456 -0.0286855 -6.51011 -0.499626 -0.100168 0.86043 -1.16795
-0.863469 -0.116443 -0.490777 4.19243 0.129637 -0.991536 0.00717087 -6.4912 -0.487457 -0.0574311 0.871256 -1.16476
-0.862104 -0.0963332 -0.49749 3.87459 0.120284 -0.992607 -0.016234 -6.44026 -0.492248 -0.0738355 0.867318 -1.11757
-0.856407 -0.0805316 -0.509983 3.56001 0.0889413 -0.996005 0.00792182 -6.45417 -0.508584 -0.0385743 0.860148 -1.12077
-0.882505 -0.0724641 -0.464686 3.27566 0.103438 -0.993771 -0.0414736 -6.437 -0.458786 -0.084667 0.884504 -1.10898
-0.869365 -0.0664206 -0.489687 3.04567 0.105805 -0.992965 -0.0531563 -6.45485 -0.482711 -0.0980236 0.870276 -1.11842
-0.875739 -0.0839578 -0.475429 2.82093 0.0776851 -0.996436 0.0328685 -6.381 -0.476494 -0.00814951 0.87914 -1.11429
-0.807861 -0.0645769 -0.585825 2.44345 0.10899 -0.993205 -0.0408157 -6.41258 -0.579208 -0.0968226 0.809409 -1.18254
-0.693111 -0.0724528 -0.717181 2.21151 0.0812151 -0.99645 0.0221764 -6.41337 -0.716241 -0.0428752 0.696534 -1.25972
-0.601424 -0.0444276 -0.797694 1.86601 0.0453781 -0.99874 0.0214118 -6.37443 -0.79764 -0.0233202 0.602683 -1.29516
-0.591457 0.0558339 -0.804402 1.5102 -0.0453622 -0.998324 -0.0359404 -6.37602 -0.80506 0.0152322 0.592998 -1.44932
-0.549884 0.230796 -0.802721 1.47043 -0.232878 -0.965318 -0.118018 -6.45323 -0.802119 0.12204 0.58456 -1.47055
-0.483435 0.418648 -0.768782 1.47164 -0.431622 -0.878046 -0.206731 -6.51995 -0.761573 0.231882 0.605175 -1.47724
-0.38149 0.596389 -0.706248 1.50383 -0.5875 -0.746298 -0.312863 -6.56914 -0.713659 0.295566 0.635084 -1.4608
-0.243077 0.727005 -0.642166 1.55254 -0.724234 -0.576428 -0.37844 -6.6081 -0.64529 0.373089 0.666638 -1.4443
-0.157756 0.794435 -0.586504 1.5854 -0.783178 -0.462416 -0.415698 -6.62908 -0.601453 0.393758 0.695132 -1.4313
0.000691898 0.866892 -0.498495 1.65476 -0.847565 -0.264039 -0.460345 -6.68116 -0.530691 0.422825 0.734565 -1.41056
0.0323636 0.873074 -0.486513 1.45943 -0.869907 -0.215084 -0.443847 -7.62925 -0.492152 0.437586 0.752533 -1.47594
0.138834 0.894819 -0.424292 1.46861 -0.88936 -0.0758048 -0.45088 -7.7818 -0.43562 0.439946 0.785292 -1.46658
0.315387 0.891854 -0.324232 1.52491 -0.878535 0.14524 -0.455061 -7.8957 -0.358757 0.42837 0.829333 -1.45615
0.484115 0.844306 -0.22974 1.59704 -0.832833 0.364088 -0.416929 -7.98423 -0.26837 0.393176 0.879426 -1.42781
0.603038 0.777914 -0.176621 1.75385 -0.769131 0.508264 -0.387434 -8.26561 -0.211621 0.369482 0.90482 -1.33232
0.746506 0.658254 -0.0971112 1.81045 -0.649113 0.688385 -0.323695 -8.28403 -0.146223 0.304676 0.941165 -1.29912
0.820165 0.565406 -0.0874387 1.81667 -0.56505 0.776537 -0.278763 -8.27395 -0.0897149 0.278039 0.956371 -1.28898
0.915443 0.401744 -0.0237773 1.83948 -0.398334 0.896078 -0.195896 -8.25193 -0.0573937 0.188803 0.980336 -1.27876
0.97735 0.21163 -0.000338978 1.85388 -0.210711 0.972955 -0.0946565 -8.19762 -0.0197024 0.0925839 0.99551 -1.28416
0.989867 0.141985 -0.00205814 1.89594 -0.14178 0.987427 -0.0699012 -8.17486 -0.00789265 0.0694847 0.997552 -1.25506
0.997367 0.0722548 0.00613161 2.1161 -0.0720676 0.997044 -0.0266356 -8.19247 -0.00803803 0.0261236 0.999626 -1.12456
0.994052 0.108901 -0.00078399 2.48358 -0.108379 0.989938 0.090976 -8.17731 0.0106835 -0.09035 0.995853 -0.988627
0.995079 0.0658039 -0.0740763 2.57903 -0.0626905 0.99708 0.0436001 -8.1262 0.0767291 -0.0387416 0.996299 -0.902669
0.981864 0.00630378 -0.18948 2.61282 -0.0184943 0.997865 -0.0626376 -8.17366 0.188681 0.0650059 0.979885 -0.793919
0.92736 -0.052055 -0.370532 2.60272 -0.00646103 0.9879 -0.154958 -8.23511 0.374115 0.146096 0.915802 -0.775504
0.925444 0.0443366 -0.376282 2.61239 -0.0642895 0.997104 -0.0406294 -8.24609 0.373391 0.0617912 0.925614 -0.745775
0.914741 0.109041 -0.389048 2.73103 -0.0742059 0.991855 0.103519 -8.13579 0.397167 -0.0658235 0.915383 -0.572267
0.899056 0.0700967 -0.432187 2.84093 -0.071358 0.997362 0.0133205 -8.12727 0.43198 0.0188641 0.901686 -0.357078
0.898448 0.0512364 -0.43608 2.92025 -0.0582329 0.998299 -0.00268299 -8.19655 0.435201 0.0278047 0.899904 -0.232714
0.876692 0.0996487 -0.470617 2.9728 -0.0708497 0.994388 0.0785693 -8.15383 0.475805 -0.035538 0.878832 -0.101831
0.898637 0.0519835 -0.435602 3.15302 -0.0523878 0.998565 0.0110909 -8.12156 0.435553 0.0128535 0.900071 0.126836
0.904776 0.0513621 -0.422778 3.26597 -0.0569718 0.998376 -0.000633988 -8.194 0.422059 0.0246601 0.906233 0.303133
0.872666 0.125544 -0.471904 3.31461 -0.0920504 0.991354 0.0935142 -8.14196 0.479564 -0.0381677 0.876677 0.454011
0.891357 0.0565393 -0.449761 3.48998 -0.0573701 0.998283 0.0117951 -8.12653 0.449656 0.0152892 0.893071 0.679911
0.900929 0.0584772 -0.430008 3.64155 -0.0617302 0.998072 0.00639514 -8.17406 0.429554 0.0207829 0.902802 0.914758
0.883074 0.11291 -0.455447 3.70863 -0.0869187 0.993181 0.0776926 -8.11314 0.461113 -0.0290215 0.886867 1.01679
0.871788 0.085862 -0.482301 3.84879 -0.0900778 0.99583 0.0144623 -8.16304 0.481531 0.0308365 0.875886 1.24831
0.890263 0.127031 -0.437373 3.92846 -0.155221 0.98745 -0.0291528 -8.2569 0.42818 0.0938429 0.898808 1.36143
0.865805 0.192947 -0.461685 4.00903 -0.172418 0.981199 0.0867244 -8.17653 0.469738 0.00451641 0.882794 1.54771
0.893104 0.12167 -0.433084 4.19213 -0.131429 0.991297 0.00746135 -8.20705 0.430223 0.0502561 0.901323 1.75057
0.886097 0.114938 -0.449022 4.29117 -0.116457 0.992897 0.0243419 -8.2525 0.44863 0.0307223 0.893189 1.99483
0.891168 0.153591 -0.426884 4.43342 -0.122136 0.987432 0.100301 -8.17139 0.436924 -0.0372467 0.898727 2.11762
0.928536 0.134146 -0.346158 4.68792 -0.131471 0.990825 0.0313145 -8.23274 0.347183 0.0164333 0.937653 2.40695
0.966291 0.0246599 -0.256268 4.83051 -0.0347886 0.998779 -0.0350653 -8.23615 0.25509 0.0427985 0.96597 2.49056
0.98931 0.0377264 -0.140861 4.97002 -0.038142 0.999272 -0.000250482 -8.29236 0.140749 0.0056205 0.990029 2.61595
0.998877 0.0467286 -0.00783786 5.09574 -0.046945 0.998442 -0.0301686 -8.29633 0.00641591 0.0305027 0.999514 2.71734
0.999561 -0.0293765 -0.00374695 5.22033 0.0294934 0.998905 0.0363233 -8.26898 0.00267579 -0.0364179 0.999333 2.84575
0.996218 -0.0844812 0.0203032 5.4262 0.0830468 0.99453 0.0633562 -8.22012 -0.0255445 -0.0614304 0.997784 2.95373
0.985883 -0.16743 0.000984582 5.73466 0.166192 0.979271 0.1158 -8.1639 -0.0203526 -0.114001 0.993272 3.12401
0.964626 -0.263575 -0.00496392 5.77962 0.259966 0.947953 0.183856 -8.11867 -0.0437542 -0.178642 0.982941 3.14263
0.918494 -0.394311 -0.0297817 5.86555 0.387976 0.884053 0.260622 -8.02562 -0.0764378 -0.250935 0.964981 3.17835
0.911678 -0.409422 -0.0348876 6.66436 0.405469 0.8826 0.237932 -7.56617 -0.0666229 -0.231063 0.970655 3.61896
0.864955 -0.498306 -0.0595345 7.16955 0.492976 0.82145 0.286698 -7.23309 -0.0939586 -0.27733 0.956169 3.8789
0.762142 -0.635241 -0.124933 7.25993 0.629454 0.681941 0.372484 -7.09406 -0.15142 -0.362525 0.919591 3.91708
0.616095 -0.757988 -0.214199 7.30316 0.74978 0.481027 0.45436 -6.93405 -0.241364 -0.440532 0.864682 3.92517
0.466166 -0.829705 -0.30705 7.31095 0.825027 0.282399 0.48947 -6.78703 -0.319405 -0.481499 0.816174 3.92386
0.406884 -0.862692 -0.300346 7.53944 0.849252 0.236135 0.47224 -5.78492 -0.336476 -0.447217 0.828723 4.04
0.324973 -0.867535 -0.376532 7.55782 0.864451 0.111013 0.490307 -5.47027 -0.383558 -0.48483 0.786017 4.04263
0.270399 -0.875847 -0.399721 7.60648 0.869626 0.0440567 0.491741 -4.69688 -0.413079 -0.480574 0.773572 4.0599
0.171688 -0.864705 -0.472025 7.57046 0.86691 -0.0949897 0.48933 -4.39459 -0.467964 -0.493216 0.733313 4.02605
0.0938441 -0.854944 -0.510162 7.50165 0.856459 -0.19194 0.479205 -3.59768 -0.507614 -0.481903 0.714211 3.97913
-0.0185681 -0.821485 -0.569928 7.40241 0.818654 -0.339735 0.463017 -3.31832 -0.573986 -0.457977 0.67882 3.91406
-0.139547 -0.766991 -0.6263 7.30212 0.767231 -0.483602 0.42129 -3.13998 -0.626005 -0.421727 0.655945 3.85437
-0.223271 -0.687854 -0.690657 7.16778 0.702219 -0.604916 0.375453 -2.98679 -0.676047 -0.401165 0.618084 3.78806
-0.320346 -0.595033 -0.737098 6.94864 0.607957 -0.725859 0.32174 -2.76991 -0.726476 -0.345056 0.594281 3.67326
-0.388797 -0.48337 -0.784341 6.78733 0.513485 -0.820527 0.251137 -2.65918 -0.764964 -0.305106 0.567221 3.5706
-0.45095 -0.387796 -0.803902 6.59998 0.413764 -0.888883 0.196689 -2.57061 -0.79085 -0.243929 0.561298 3.48622
-0.490895 -0.340652 -0.801859 6.01633 0.347229 -0.920628 0.178537 -2.25247 -0.799033 -0.190786 0.570216 3.19091
-0.525765 -0.198817 -0.827069 5.73265 0.218108 -0.971306 0.0948391 -2.20095 -0.822192 -0.130527 0.554042 3.03154
-0.546052 -0.153314 -0.823603 5.21707 0.164227 -0.983626 0.0742193 -2.05576 -0.821496 -0.0947306 0.56229 2.77488
-0.557012 -0.0700327 -0.827547 4.75635 0.0747718 -0.99662 0.0340129 -2.03009 -0.827132 -0.0429316 0.560366 2.53796
-0.54841 0.046571 -0.834911 4.47099 -0.0306791 -0.998896 -0.0355665 -2.05164 -0.835646 0.0061093 0.549234 2.3809
-0.563526 -0.0233651 -0.825768 3.55416 0.00735904 -0.999702 0.0232645 -2.02931 -0.826066 0.0070333 0.56353 1.91823
-0.561804 -0.0237547 -0.826929 2.66759 0.00432551 -0.999658 0.0257778 -2.00662 -0.827259 0.0109052 0.561715 1.45689
-0.562809 -0.0187395 -0.826375 1.69027 -0.00191155 -0.999711 0.0239721 -1.98853 -0.826585 0.0150713 0.56261 0.949718
-0.562747 -0.0112309 -0.826553 0.717422 -0.00758399 -0.999795 0.0187483 -1.98478 -0.826594 0.0168191 0.562547 0.443009
-0.562362 -0.00998716 -0.826831 -0.254174 -0.0174471 -0.999561 0.02394 -1.98048 -0.826707 0.0278887 0.561941 -0.0611165
-0.55866 -0.00262168 -0.829393 -1.21737 -0.0173256 -0.99974 0.0148303 -1.98988 -0.829216 0.0226549 0.558469 -0.568204
-0.561958 -0.0015096 -0.827165 -2.16537 -0.0211736 -0.999644 0.0162093 -1.99781 -0.826895 0.026623 0.561726 -1.05853
-0.557612 -0.0555948 -0.828238 -3.10216 0.0112615 -0.99817 0.0594195 -1.98182 -0.830025 0.0238058 0.557218 -1.54834
-0.55749 -0.052991 -0.828491 -4.04416 0.00758023 -0.998244 0.0587478 -1.94496 -0.830149 0.0264712 0.556913 -2.03954
-0.554251 -0.0458043 -0.831088 -4.9933 0.00383121 -0.998615 0.0524823 -1.91211 -0.83234 0.0259043 0.553659 -2.53914
-0.554911 -0.0449956 -0.830692 -5.94853 0.000421418 -0.998551 0.0538064 -1.88384 -0.83191 0.0295077 0.554126 -3.04357
-0.553874 -0.0394455 -0.831666 -6.90482 -0.00392502 -0.998742 0.0499838 -1.85426 -0.832592 0.030949 0.553022 -3.547
-0.553207 -0.03616 -0.832259 -7.85251 -0.00962319 -0.998713 0.0497888 -1.83353 -0.832988 0.0355525 0.552147 -4.04387
-0.554963 -0.0324838 -0.83124 -8.79654 -0.0114171 -0.998846 0.046656 -1.81633 -0.831796 0.0353827 0.553952 -4.54183
-0.552702 -0.0302316 -0.83283 -9.75693 -0.0142008 -0.998855 0.0456825 -1.80721 -0.833258 0.0370756 0.55164 -5.04815
-0.549036 -0.0262323 -0.835387 -10.7069 -0.0182191 -0.998894 0.0433407 -1.79765 -0.8356 0.0390156 0.547951 -5.55362
-0.551805 -0.0227549 -0.833663 -11.6577 -0.0221967 -0.998873 0.0419564 -1.79095 -0.833678 0.0416563 0.550678 -6.05901
-0.549929 -0.0197358 -0.834978 -12.5968 -0.0243706 -0.998916 0.0396615 -1.79359 -0.834856 0.0421599 0.548852 -6.56072
-0.55068 -0.0286735 -0.834224 -13.5409 -0.0159644 -0.998865 0.0448707 -1.77832 -0.834564 0.0380273 0.549598 -7.06153
-0.550395 -0.0341786 -0.834204 -14.4608 -0.0121402 -0.998728 0.0489293 -1.76855 -0.834816 0.0370579 0.54928 -7.55617
-0.553045 -0.0423375 -0.832075 -15.3979 -0.00846999 -0.998371 0.0564286 -1.74891 -0.833108 0.0382552 0.551785 -8.05176
-0.547813 -0.0701058 -0.833659 -16.3244 0.0137487 -0.997103 0.0748159 -1.69697 -0.836488 0.0295234 0.547189 -8.54906
-0.545527 -0.0762951 -0.834613 -17.2735 0.023471 -0.996848 0.0757843 -1.64197 -0.837764 0.0217532 0.545599 -9.06286
-0.543114 -0.0752726 -0.836278 -18.2017 0.0229905 -0.996933 0.074802 -1.58267 -0.839344 0.0213996 0.543179 -9.56085
-0.547609 -0.0946617 -0.831363 -19.1335 0.0441431 -0.995465 0.0842703 -1.50415 -0.835569 0.00944822 0.549304 -10.0626
-0.540858 -0.119964 -0.832515 -20.0602 0.0706143 -0.992759 0.0971789 -1.39553 -0.838144 -0.00622741 0.545413 -10.5614
-0.540882 -0.115957 -0.833067 -21.0098 0.0692057 -0.993228 0.0933174 -1.26761 -0.838246 -0.00717925 0.545244 -11.0781
-0.538159 -0.118288 -0.834502 -21.9638 0.0647945 -0.992979 0.0989671 -1.15323 -0.840349 -0.000811107 0.542045 -11.5955
-0.539787 -0.113626 -0.834098 -22.9147 0.0642781 -0.993519 0.0937457 -1.0442 -0.839344 -0.00301153 0.543592 -12.1128
-0.536834 -0.11552 -0.835742 -23.871 0.0645296 -0.993302 0.0958483 -0.937196 -0.841217 -0.00247551 0.540693 -12.6304
-0.534101 -0.111968 -0.837974 -24.8203 0.0652674 -0.993694 0.0911754 -0.835932 -0.842898 -0.00599555 0.53804 -13.1501
-0.528303 -0.115203 -0.841204 -25.7732 0.0673853 -0.993316 0.0937141 -0.720632 -0.846378 -0.00717545 0.532534 -13.672
-0.530519 -0.119605 -0.839192 -26.7237 0.0691688 -0.992802 0.0977705 -0.60371 -0.844846 -0.00617684 0.534974 -14.1978
-0.527716 -0.125116 -0.840156 -27.6689 0.0774975 -0.992059 0.0990599 -0.476841 -0.845878 -0.0128345 0.533222 -14.72
-0.529596 -0.128565 -0.83845 -28.6136 0.0796144 -0.991618 0.101764 -0.350895 -0.844505 -0.0128588 0.535393 -15.2387
-0.526279 -0.131158 -0.840136 -29.5594 0.0846122 -0.991206 0.101739 -0.214446 -0.846092 -0.0175425 0.532749 -15.7617
-0.523246 -0.135049 -0.841413 -30.5014 0.0868413 -0.990673 0.105001 -0.0772942 -0.847746 -0.0181279 0.530093 -16.2827
-0.525375 -0.137736 -0.839648 -31.4399 0.089974 -0.990271 0.106146 0.0687997 -0.8461 -0.0197799 0.532657 -16.8044
-0.50059 -0.252388 -0.828076 -32.0792 0.203411 -0.964068 0.170871 0.20641 -0.841448 -0.0829035 0.533941 -17.1604
-0.46387 -0.377113 -0.80163 -32.2286 0.313849 -0.91614 0.249371 0.334468 -0.828446 -0.135915 0.543326 -17.2623
-0.377375 -0.546806 -0.74739 -32.3406 0.494457 -0.801368 0.336634 0.477278 -0.783007 -0.242514 0.572788 -17.3274
-0.338045 -0.615461 -0.711992 -32.4787 0.57437 -0.734218 0.36197 0.657937 -0.745536 -0.286585 0.601702 -17.3962
-0.226902 -0.722185 -0.653425 -32.5844 0.677043 -0.599253 0.42721 0.82721 -0.700091 -0.345462 0.624922 -17.4548
-0.137411 -0.786092 -0.602642 -32.614 0.731962 -0.490496 0.472911 1.00081 -0.667345 -0.376129 0.642789 -17.4864
-0.081971 -0.812729 -0.576848 -32.9054 0.786258 -0.408407 0.463682 1.66098 -0.612436 -0.415543 0.672492 -17.6408
0.0133589 -0.868107 -0.496197 -32.9241 0.819571 -0.274778 0.502793 1.89432 -0.572822 -0.413386 0.707804 -17.6653
0.087252 -0.873516 -0.478912 -33.0231 0.854014 -0.18192 0.487406 2.53769 -0.512881 -0.451525 0.730123 -17.7212
0.190193 -0.892516 -0.408953 -32.9975 0.86118 -0.0483338 0.505996 2.98291 -0.471376 -0.448419 0.759424 -17.724
0.236436 -0.902546 -0.359873 -32.9841 0.861785 0.0237129 0.50672 3.87085 -0.448804 -0.42994 0.783407 -17.7324
0.250134 -0.893024 -0.374088 -32.9511 0.86222 0.0296832 0.505664 4.95778 -0.440466 -0.44903 0.777407 -17.7368
0.234583 -0.893115 -0.383818 -32.9328 0.86255 0.00914758 0.50589 5.97868 -0.448307 -0.449735 0.772502 -17.7497
0.230719 -0.894488 -0.382961 -32.9222 0.864414 0.00772969 0.50272 6.99779 -0.446717 -0.447024 0.774992 -17.775
0.130098 -0.863804 -0.486741 -32.9973 0.860329 -0.145676 0.48848 7.55332 -0.492857 -0.482308 0.724204 -17.8255
0.024485 -0.8304 -0.55663 -33.0992 0.835185 -0.289018 0.467905 7.87512 -0.549424 -0.476345 0.68646 -17.8891
-0.0541726 -0.795233 -0.603879 -33.263 0.799915 -0.39654 0.450435 8.41066 -0.597663 -0.458651 0.657601 -17.9896
-0.126145 -0.725765 -0.676278 -33.382 0.748589 -0.516966 0.415162 8.59789 -0.650923 -0.453884 0.608513 -18.0736
-0.221195 -0.669066 -0.709524 -33.5328 0.68547 -0.624173 0.374885 8.76361 -0.693688 -0.403435 0.596688 -18.1505
-0.300598 -0.583835 -0.754174 -33.6872 0.610903 -0.725105 0.317838 8.91081 -0.73242 -0.365185 0.574631 -18.2497
-0.360431 -0.517441 -0.776109 -34.0079 0.53479 -0.796339 0.282567 9.1898 -0.764257 -0.313209 0.563748 -18.4224
-0.439248 -0.373503 -0.817042 -34.2827 0.39237 -0.897906 0.199528 9.33639 -0.808151 -0.23294 0.540954 -18.5813
-0.476065 -0.266058 -0.838198 -34.4943 0.295499 -0.946113 0.13248 9.37511 -0.828277 -0.184617 0.529031 -18.7019
-0.506437 -0.143518 -0.850249 -34.8883 0.163934 -0.984093 0.0684651 9.46964 -0.84655 -0.104712 0.521909 -18.921
-0.527267 0.0171058 -0.849527 -35.0742 0.0132599 -0.99951 -0.0283556 9.44688 -0.849596 -0.0262156 0.526782 -19.0312
-0.525216 0.125208 -0.841707 -35.162 -0.102977 -0.991199 -0.0831892 9.41624 -0.844715 0.0429839 0.533487 -19.0728
-0.487182 0.330618 -0.808298 -35.2998 -0.291751 -0.934006 -0.206191 9.32281 -0.823126 0.135369 0.551488 -19.1636
-0.454577 0.433504 -0.778096 -35.3592 -0.396654 -0.880693 -0.258933 9.25813 -0.797512 0.19093 0.572294 -19.1891
-0.352425 0.599901 -0.718273 -35.4537 -0.554336 -0.752197 -0.356245 9.0958 -0.753995 0.272615 0.59764 -19.2455
-0.245177 0.728091 -0.640134 -35.5233 -0.692745 -0.593495 -0.409716 8.91297 -0.678227 0.342997 0.649893 -19.2643
-0.163459 0.784749 -0.597871 -35.5454 -0.759628 -0.486796 -0.431271 8.82387 -0.629481 0.383664 0.675689 -19.2736
-0.00201236 0.866964 -0.498367 -35.5547 -0.845723 -0.267414 -0.461781 8.66974 -0.533618 0.420551 0.73375 -19.2687
0.169722 0.886762 -0.42994 -35.5334 -0.887677 -0.0519323 -0.457528 8.5383 -0.428046 0.4593 0.778344 -19.2594
0.27568 0.8895 -0.364404 -35.5063 -0.8835 0.0851116 -0.460634 8.48597 -0.378719 0.448938 0.809337 -19.2456
0.456689 0.839258 -0.295094 -35.4379 -0.849622 0.313107 -0.424389 8.40752 -0.263776 0.444532 0.856045 -19.2116
0.543887 0.805319 -0.235896 -35.3961 -0.809175 0.428834 -0.401669 8.38248 -0.222311 0.409344 0.884881 -19.1831
0.704124 0.692633 -0.156424 -35.3019 -0.695539 0.628417 -0.348306 8.33269 -0.142948 0.35405 0.924237 -19.1296
0.794454 0.600325 -0.0919362 -35.1727 -0.600034 0.752486 -0.271522 8.2895 -0.0938205 0.270876 0.958031 -19.0523
0.836437 0.541835 -0.0823944 -34.7452 -0.54412 0.802978 -0.243229 7.89622 -0.0656291 0.248278 0.966463 -18.7938
0.823062 0.557513 -0.108386 -34.0498 -0.564264 0.780979 -0.267726 7.24344 -0.0646134 0.281514 0.957379 -18.388
0.747056 0.640586 -0.177644 -33.9195 -0.654228 0.661099 -0.367333 6.97711 -0.117868 0.390637 0.912967 -18.312
0.685599 0.695873 -0.213811 -33.8102 -0.710868 0.576649 -0.40267 6.73113 -0.156913 0.428062 0.890023 -18.2556
0.591343 0.761754 -0.264658 -33.6361 -0.776584 0.449477 -0.441461 6.30917 -0.217328 0.466584 0.857361 -18.1669
0.503256 0.801649 -0.322633 -33.6488 -0.825262 0.335134 -0.454564 6.19746 -0.256276 0.495019 0.830229 -18.1651
0.389582 0.837273 -0.383667 -33.6655 -0.861977 0.184751 -0.472084 5.9761 -0.32438 0.514627 0.793685 -18.1761
0.28866 0.865277 -0.409843 -33.6227 -0.886626 0.0800263 -0.455512 5.58027 -0.361345 0.494866 0.790277 -18.1208
0.218913 0.856793 -0.466887 -33.6447 -0.882053 -0.0308237 -0.470141 5.48595 -0.417204 0.514739 0.748989 -18.1367
0.15581 0.861736 -0.48284 -33.7418 -0.879397 -0.101609 -0.46512 4.98011 -0.449871 0.497078 0.741977 -18.1793
0.177945 0.867831 -0.463902 -33.8207 -0.884024 -0.0660964 -0.462744 3.95429 -0.432246 0.492444 0.755422 -18.1976
