1782998576.2001541
1782998583.7001657
1782998584.9002004
1782998586.1002095
1782998587.2003782
1782998588.4003725
1782998589.4002264
1782998589.7002139
1782998589.9003737
1782998590.1000538
1782998590.8003838
1782998591.0000687
1782998591.2002239
1782998591.9000881
1782998592.1002481
1782998592.4002578
1782998593.1001575
1782998593.4001822
1782998594.0002215
1782998594.2004166
1782998594.8004258
1782998595.7004094
1782998596.0004294
1782998596.2001648
1782998596.4003446
1782998596.7003827
1782998596.9000723
1782998597.1004527
1782998597.4001727
1782998597.8000414
1782998598.0002813
1782998598.9003904
1782998599.1000652
1782998599.3002205
1782998600.6000819
1782998602.7000923
1782998605.4001248
1782998607.30023
1782998607.4000704
1782998608.2001021
1782998609.2004268
1782998610.3004036
1782998610.6000876
1782998610.9001129
1782998611.5002329
1782998611.7000654
1782998612.0001955
1782998612.6999557
1782998612.8994677
1782998613.1004651
1782998613.50001
1782998613.8001378
1782998614.1002078
1782998614.400243
1782998615.1003404
1782998615.3001306
1782998615.5002806
1782998615.9001904
1782998616.1003504
1782998616.5002153
1782998616.8002813
1782998617.2001717
1782998617.4003763
1782998617.8002989
1782998618.0000591
1782998618.3999989
1782998618.6003647
1782998619.2002652
1782998619.7000699
1782998620.0002699
1782998620.2001297
1782998620.30001
1782998620.4003401
1782998620.6001441
1782998620.7000444
1782998620.9002941
1782998621.000164
1782998621.200429
1782998622.7993405
1782998622.999088
1782998623.1004033
1782998623.3002985
1782998623.4001834
1782998623.6000814
1782998623.7004461
1782998623.8003213
1782998624.4000013
1782998624.6002548
1782998625.7002661
1782998625.9001162
1782998626.0000613
1782998626.3002362
1782998626.5000162
1782998627.1000404
1782998627.3004105
1782998627.6001196
1782998627.8004394
1782998628.1002893
1782998628.3000343
1782998628.600276
1782998629.0004611
1782998629.4000809
1782998629.7001636
1782998630.1002586
1782998630.3001034
1782998630.5004137
1782998630.9000728
1782998631.200233
1782998631.5000777
1782998631.7002788
1782998631.900074
1782998632.2002439
1782998632.4000988
1782998632.7002912
1782998632.9001217
1782998633.1999958
1782998633.5002608
1782998633.8001432
1782998634.2000835
1782998634.4000034
1782998635.100353
1782998635.5001831
1782998635.7003191
1782998635.9000237
1782998636.3003535
1782998636.5000334
1782998636.7001905
1782998636.900341
1782998637.8003435
1782998638.0000587
1782998638.1004241
1782998638.2002685
1782998638.4004235
1782998638.6001084
1782998638.7004337
1782998638.9001086
1782998639.7002749
1782998639.900435
1782998640.1001151
1782998640.7004635
1782998640.9002438
1782998641.600328
1782998641.8000078
1782998642.000253
1782998642.4002881
1782998642.900373
1782998643.0994401
1782998643.3004081
1782998643.500123
1782998643.8002253
1782998644.1004004
1782998644.2002404
1782998644.5003402
1782998645.0001082
1782998645.2003286
1782998645.4001081
1782998645.8999941
1782998646.2001143
1782998646.6000974
1782998646.8003275
1782998647.2002773
1782998647.4000325
1782998647.7000482
1782998648.1003978
1782998648.4000132
1782998648.8000145
1782998649.1000597
1782998649.5001097
1782998649.7000096
1782998650.0001047
1782998650.1004345
1782998650.3002896
1782998650.9000049
1782998651.5002398
1782998652.0001864
1782998652.2003968
1782998652.4002469
1782998652.5001268
1782998652.6000314
1782998652.8002815
1782998652.9999917
1782998654.3002651
1782998654.400105
1782998654.6003797
1782998654.8001745
1782998654.9000745
1782998655.1003697
1782998655.4000745
1782998655.6002986
1782998655.8004491
1782998656.200434
1782998657.1003172
1782998657.3000371
1782998657.7000618
1782998657.8004565
1782998658.0003219
1782998658.4004216
1782998658.7002077
1782998659.0003982
1782998659.2001579
1782998659.5003679
1782998659.8000472
1782998660.3000174
1782998660.6002278
1782998661.0002677
1782998661.3003678
1782998661.7004123
1782998661.9001868
1782998662.2003868
1782998662.4002168
1782998662.6004512
1782998662.9002016
1782998663.1000972
1782998663.4003911
1782998663.6002769
1782998663.8001971
1782998664.200402
1782998664.400337
1782998664.7001588
1782998664.9001834
1782998665.1001394
1782998665.6001432
1782998665.8003731
1782998666.100363
1782998666.400363
1782998666.8002179
1782998667.0003734
1782998667.200053
1782998667.7002139
1782998668.1000538
1782998668.3002138
1782998668.5003641
1782998668.7000678
1782998669.0000775
1782998669.2002277
1782998669.4003975
1782998669.6000726
1782998670.2001128
1782998670.3000176
1782998670.5004625
1782998670.9001045
1782998671.4004693
1782998671.6002603
1782998671.7001703
1782998672.1003702
1782998672.3001702
1782998672.4000254
1782998672.6003327
1782998673.1002378
1782998673.2993312
1782998673.6004057
1782998673.8002307
1782998674.0000556
1782998674.2003508
1782998674.5000155
1782998674.900151
1782998675.2002213
1782998675.6000302
1782998675.8002601
1782998676.1000154
1782998676.4002304
1782998676.7000613
1782998677.0002067
1782998677.3003666
1782998677.600111
1782998677.9002359
1782998678.1003909
1782998678.5004408
1782998678.8001521
1782998679.2002771
1782998679.4000368
1782998679.8001387
1782998680.0001237
1782998680.6000245
1782998680.8004043
1782998681.3001094
1782998681.5001292
1782998681.6000361
1782998681.8003311
1782998682.100471
1782998682.5003912
1782998682.7001159
1782998683.0001757
1782998683.3997538
1782998683.5003409
1782998683.6001744
1782998684.1001942
1782998684.4001794
1782998684.5002244
1782998684.6002431
1782998684.8002279
1782998685.0002632
1782998685.4999981
1782998685.7003469
1782998686.0004373
1782998686.4001224
1782998686.6004553
1782998687.1004753
1782998687.7000799
1782998687.9001222
1782998688.2000549
1782998688.6002872
1782998688.9004271
1782998689.1003773
1782998689.4000573
1782998689.7003963
1782998689.9001365
1782998690.2002914
1782998690.4004714
1782998690.6003017
1782998690.8001268
1782998691.0003817
1782998691.4004216
1782998691.6002169
1782998691.9000316
1782998692.3001215
1782998692.5004117
1782998692.7002015
1782998693.1001132
1782998693.3000116
1782998693.7001045
1782998693.9004195
1782998694.2999995
1782998694.5003395
1782998694.6003458
1782998695.0000505
1782998695.3003907
1782998696.0000913
1782998696.6001275
1782998697.2004323
1782998697.9004183
1782998698.1001229
1782998699.6001201
1782998699.8002748
1782998700.6004291
1782998700.8001337
1782998701.0002937
1782998702.1004548
1782998702.5002847
1782998702.7004507
1782998702.9001307
1782998703.5001261
1782998703.7002959
1782998703.900456
1782998704.2004559
1782998704.4001358
1782998704.5004561
1782998704.7001283
1782998705.2002931
1782998705.4004483
1782998705.6001348
1782998705.9001348
1782998706.1002898
1782998706.3004551
1782998706.7003033
1782998706.9004586
1782998707.1001387
1782998707.9002995
1782998709.4002955
1782998710.6003129
1782998711.8003266
1782998712.1003315
1782998713.0997617
1782998714.0004594
1782998714.1002996
1782998714.3004646
1782998714.4003046
1782998714.5001347
1782998714.600384
1782998714.7002833
1782998714.8001382
1782998715.000303
1782998715.1001432
1782998715.2004583
1782998715.4001482
1782998715.6003096
1782998715.8000696
1782998716.1003046
1782998716.4000146
1782998716.6002309
1782998716.800041
1782998717.1002605
1782998717.4004109
1782998717.7002971
1782998718.1004722
1782998718.5002027
1782998718.8000097
1782998719.0003247
1782998719.4000049
1782998719.8000655
1782998720.1002359
1782998720.3000207
1782998720.8002975
1782998721.2002525
1782998721.4001327
1782998721.6004133
1782998721.8001883
1782998722.0004234
1782998722.2002332
1782998722.300014
1782998722.7001438
1782998723.6000195
1782998723.8003395
1782998724.8002081
1782998725.0002532
1782998725.1002684
1782998725.3000882
1782998725.4000432
1782998725.6004415
1782998725.8002062
1782998726.0001414
1782998727.0004752
1782998727.3002951
1782998727.4001703
1782998727.5000951
1782998727.6000166
1782998727.7003667
1782998727.8002965
1782998728.000072
1782998728.3002667
1782998728.800215
1782998729.1004248
1782998729.5000551
1782998729.8002868
1782998730.0001714
1782998730.4002519
1782998730.7003927
1782998731.1000626
1782998731.5002427
1782998731.9004345
1782998732.1002893
1782998732.4004695
1782998732.7001324
1782998733.0002272
1782998733.4001274
1782998733.8000584
1782998734.0003085
1782998734.3003743
1782998734.9001534
1782998735.2999685
1782998735.8001659
1782998736.0002468
1782998736.200001
1782998736.400161
1782998737.5003233
1782998737.7000132
1782998737.8003335
1782998738.0000131
1782998738.700331
1782998738.8999367
1782998739.0003259
1782998739.1001709
1782998739.3003211
1782998739.500011
1782998739.7001672
1782998740.5003273
1782998740.7000034
1782998741.1003282
1782998742.2002535
1782998742.4000084
1782998742.6002584
1782998742.7001131
1782998742.8000429
1782998743.0002532
1782998743.2995372
1782998743.4999795
1782998743.9004622
1782998744.3000319
1782998744.6000302
1782998744.90011
1782998745.3001351
1782998745.6003072
1782998745.9001775
1782998746.3001575
1782998746.6002741
1782998746.8000293
1782998747.2003691
1782998747.6002154
1782998747.9002061
1782998748.1003759
1782998748.600183
1782998749.3003981
1782998749.500268
1782998749.7000964
1782998749.800436
1782998750.000216
1782998750.2004063
1782998750.5001161
1782998751.1000295
1782998751.3004296
1782998751.4003043
1782998752.0000119
1782998752.2004569
1782998752.4002972
1782998752.6003003
1782998752.7002151
1782998752.9000554
1782998753.1003153
1782998753.2995603
1782998754.7001579
1782998754.9004178
1782998755.2000926
1782998755.5002127
1782998755.6000943
1782998755.8004589
1782998756.3003943
1782998756.6000164
1782998757.1001513
1782998757.4003313
1782998757.7000074
1782998758.1000724
1782998758.3999946
1782998758.8003831
1782998759.100148
1782998759.5000029
1782998759.9001293
1782998760.3001242
1782998760.6004562
1782998760.9002211
1782998761.3002462
1782998761.9004338
1782998762.2000635
1782998762.8001273
1782998763.1001372
1782998763.598613
1782998763.9003103
1782998764.1004653
1782998764.3001256
1782998764.5003054
1782998764.7004669
1782998765.2001569
1782998765.4003167
1782998765.5001824
1782998765.7004106
1782998765.9001055
1782998766.1002705
1782998766.4003656
1782998766.6000896
1782998766.7004097
1782998766.9001646
1782998767.7004213
1782998768.6000071
1782998768.8001671
1782998768.8999975
1782998769.1001575
1782998769.3002284
1782998769.4999976
1782998769.7999957
1782998770.2003157
1782998770.3999958
1782998770.7000613
1782998771.1000218
1782998771.400152
1782998771.8001962
1782998772.2003911
1782998772.6003728
1782998773.0004728
1782998773.3000126
1782998773.5989156
1782998774.0000925
1782998774.2003925
1782998774.7001121
1782998775.3003275
1782998775.5002222
1782998775.7000597
1782998775.9002798
1782998776.1000347
1782998776.2003796
1782998776.4001443
1782998777.5003748
1782998777.7002478
1782998777.9002028
1782998778.1000679
1782998778.6003959
1782998778.800276
1782998778.9002414
1782998779.1002762
1782998779.3001862
1782998780.0004008
1782998780.8999949
1782998781.6002963
1782998781.8000515
1782998782.0002465
1782998782.1001668
1782998782.2001264
1782998782.5002565
1782998782.8002939
1782998783.0000238
1782998783.2001836
1782998783.5994122
1782998783.8998592
1782998784.1000307
1782998784.5000107
1782998784.9001639
1782998785.1004241
1782998785.5000737
1782998785.7003908
1782998786.0001209
1782998786.400126
1782998786.8002908
1782998787.100431
1782998787.5002756
1782998787.7004552
1782998787.9999905
1782998788.2999012
1782998788.6004753
1782998788.9999492
1782998789.5004754
1782998789.6003101
1782998789.8004799
1782998791.0000331
1782998791.7002618
1782998791.9000268
1782998792.100317
1782998792.3002369
1782998793.4001272
1782998793.7003169
1782998794.5003867
1782998794.8000171
1782998795.7003632
1782998796.0000081
1782998796.2002077
1782998796.4003983
1782998796.7004209
1782998796.900111
1782998797.100296
1782998797.8001738
1782998798.100179
1782998798.7001698
1782998799.2003446
1782998799.5003445
1782998800.4003539
1782998801.3003581
1782998802.300205
1782998803.3000801
1782998804.3004661
1782998805.3001153
1782998806.3001187
1782998807.3001804
1782998808.3003688
1782998809.3004432
1782998810.3001142
1782998811.3002608
1782998812.3002911
1782998813.2999964
1782998814.3002889
1782998815.3000267
1782998816.30005
1782998817.3000858
1782998818.3000991
1782998819.3003209
1782998820.3001599
1782998821.300143
1782998822.2999983
1782998823.3002143
1782998824.3000588
1782998825.3000901
1782998826.2999904
1782998827.3003457
1782998828.3001053
1782998829.3003275
1782998830.3004243
1782998831.3001163
1782998832.3003881
1782998833.3004622
1782998834.3003635
1782998835.3002656
1782998836.3002012
1782998837.3004661
1782998838.0000894
1782998838.2003696
1782998838.4000793
1782998838.7002263
1782998839.0003712
1782998839.2000663
1782998839.9001691
1782998840.100414
1782998840.7001758
1782998841.1002913
1782998841.9001203
1782998842.9001267
1782998843.7999995
1782998844.6999936
1782998845.2003186
1782998845.5003238
1782998845.9999959
1782998846.2001657
1782998846.4003258
1782998846.6000195
1782998847.0003395
1782998847.3004794
1782998847.5004296
1782998847.9000287
1782998848.1002135
1782998848.2001138
1782998848.4003236
1782998848.5002241
1782998848.7004197
1782998848.9002345
1782998849.0000944
1782998849.2003746
1782998849.4001591
1782998849.5000646
1782998849.7003715
1782998849.8002315
1782998850.0000818
1782998850.200346
1782998850.800478
1782998851.8004405
1782998852.1004405
1782998852.4004455
1782998852.9001334
1782998853.0004582
1782998853.2001431
1782998853.7003076
1782998853.8001525
1782998854.4001727
1782998855.6002302
